# n + 129Xe: Production of 124Te - Total
# Q-value    =-8.67281E+00 mass= 123.902817
# E-threshold= 8.74067E+00
# # energies =   121
#     E          xs
 1.00000E-11 0.00000E+00
 2.53000E-08 0.00000E+00
 1.00000E-06 0.00000E+00
 7.60000E-06 0.00000E+00
 1.00000E-05 0.00000E+00
 3.80000E-05 0.00000E+00
 1.00000E-04 0.00000E+00
 2.00000E-04 0.00000E+00
 3.00000E-04 0.00000E+00
 6.00000E-04 0.00000E+00
 1.00000E-03 0.00000E+00
 2.00000E-03 0.00000E+00
 3.00000E-03 0.00000E+00
 6.00000E-03 0.00000E+00
 1.00000E-02 0.00000E+00
 2.00000E-02 0.00000E+00
 3.00000E-02 0.00000E+00
 6.00000E-02 0.00000E+00
 1.00000E-01 0.00000E+00
 2.00000E-01 0.00000E+00
 3.00000E-01 0.00000E+00
 4.00000E-01 0.00000E+00
 5.00000E-01 0.00000E+00
 6.00000E-01 0.00000E+00
 7.00000E-01 0.00000E+00
 8.00000E-01 0.00000E+00
 9.00000E-01 0.00000E+00
 1.00000E+00 0.00000E+00
 1.20000E+00 0.00000E+00
 1.40000E+00 0.00000E+00
 1.60000E+00 0.00000E+00
 1.80000E+00 0.00000E+00
 2.00000E+00 0.00000E+00
 2.20000E+00 0.00000E+00
 2.40000E+00 0.00000E+00
 2.60000E+00 0.00000E+00
 2.80000E+00 0.00000E+00
 3.00000E+00 0.00000E+00
 3.20000E+00 0.00000E+00
 3.40000E+00 0.00000E+00
 3.60000E+00 0.00000E+00
 3.80000E+00 0.00000E+00
 4.00000E+00 0.00000E+00
 4.20000E+00 0.00000E+00
 4.40000E+00 0.00000E+00
 4.60000E+00 0.00000E+00
 4.80000E+00 0.00000E+00
 5.00000E+00 0.00000E+00
 5.20000E+00 0.00000E+00
 5.40000E+00 0.00000E+00
 5.60000E+00 0.00000E+00
 5.80000E+00 0.00000E+00
 6.00000E+00 0.00000E+00
 6.20000E+00 0.00000E+00
 6.40000E+00 0.00000E+00
 6.60000E+00 0.00000E+00
 6.80000E+00 0.00000E+00
 7.00000E+00 0.00000E+00
 7.20000E+00 0.00000E+00
 7.40000E+00 0.00000E+00
 7.60000E+00 0.00000E+00
 7.80000E+00 0.00000E+00
 8.00000E+00 0.00000E+00
 8.50000E+00 0.00000E+00
 9.00000E+00 0.00000E+00
 9.50000E+00 0.00000E+00
 1.00000E+01 0.00000E+00
 1.05000E+01 0.00000E+00
 1.10000E+01 0.00000E+00
 1.15000E+01 0.00000E+00
 1.20000E+01 0.00000E+00
 1.25000E+01 0.00000E+00
 1.30000E+01 0.00000E+00
 1.35000E+01 0.00000E+00
 1.40000E+01 2.45983E-11
 1.45000E+01 4.29325E-10
 1.50000E+01 4.74675E-09
 1.60000E+01 2.34695E-07
 1.70000E+01 4.64794E-06
 1.80000E+01 3.06270E-05
 1.90000E+01 1.85525E-04
 2.00000E+01 1.16168E-03
 2.10000E+01 6.47702E-03
 2.20000E+01 3.23456E-02
 2.30000E+01 1.20949E-01
 2.40000E+01 3.55700E-01
 2.50000E+01 8.37220E-01
 2.60000E+01 1.65519E+00
 2.70000E+01 2.80636E+00
 2.80000E+01 4.36834E+00
 2.90000E+01 6.14853E+00
 3.00000E+01 8.22378E+00
 3.20000E+01 1.26118E+01
 3.40000E+01 1.68193E+01
 3.60000E+01 1.95482E+01
 3.80000E+01 2.03828E+01
 4.00000E+01 1.95176E+01
 4.20000E+01 1.80549E+01
 4.40000E+01 1.60908E+01
 4.60000E+01 1.43269E+01
 4.80000E+01 1.27961E+01
 5.00000E+01 1.15918E+01
 5.20000E+01 1.08893E+01
 5.40000E+01 1.07151E+01
 5.60000E+01 1.09093E+01
 5.80000E+01 1.14770E+01
 6.00000E+01 1.22973E+01
 6.50000E+01 1.45811E+01
 7.00000E+01 1.59844E+01
 7.50000E+01 1.63656E+01
 8.00000E+01 1.64386E+01
 9.00000E+01 1.63996E+01
 1.00000E+02 1.58542E+01
 1.10000E+02 1.47396E+01
 1.20000E+02 1.30525E+01
 1.30000E+02 1.17973E+01
 1.40000E+02 1.07294E+01
 1.50000E+02 9.88123E+00
 1.60000E+02 9.27346E+00
 1.80000E+02 8.15371E+00
 2.00000E+02 7.22371E+00
