# n + 129Xe: Production of 124Sb - Total
# Q-value    =-8.57096E+00 mass= 123.905935
# E-threshold= 8.63802E+00
# # energies =   121
#     E          xs
 1.00000E-11 0.00000E+00
 2.53000E-08 0.00000E+00
 1.00000E-06 0.00000E+00
 7.60000E-06 0.00000E+00
 1.00000E-05 0.00000E+00
 3.80000E-05 0.00000E+00
 1.00000E-04 0.00000E+00
 2.00000E-04 0.00000E+00
 3.00000E-04 0.00000E+00
 6.00000E-04 0.00000E+00
 1.00000E-03 0.00000E+00
 2.00000E-03 0.00000E+00
 3.00000E-03 0.00000E+00
 6.00000E-03 0.00000E+00
 1.00000E-02 0.00000E+00
 2.00000E-02 0.00000E+00
 3.00000E-02 0.00000E+00
 6.00000E-02 0.00000E+00
 1.00000E-01 0.00000E+00
 2.00000E-01 0.00000E+00
 3.00000E-01 0.00000E+00
 4.00000E-01 0.00000E+00
 5.00000E-01 0.00000E+00
 6.00000E-01 0.00000E+00
 7.00000E-01 0.00000E+00
 8.00000E-01 0.00000E+00
 9.00000E-01 0.00000E+00
 1.00000E+00 0.00000E+00
 1.20000E+00 0.00000E+00
 1.40000E+00 0.00000E+00
 1.60000E+00 0.00000E+00
 1.80000E+00 0.00000E+00
 2.00000E+00 0.00000E+00
 2.20000E+00 0.00000E+00
 2.40000E+00 0.00000E+00
 2.60000E+00 0.00000E+00
 2.80000E+00 0.00000E+00
 3.00000E+00 0.00000E+00
 3.20000E+00 0.00000E+00
 3.40000E+00 0.00000E+00
 3.60000E+00 0.00000E+00
 3.80000E+00 0.00000E+00
 4.00000E+00 0.00000E+00
 4.20000E+00 0.00000E+00
 4.40000E+00 0.00000E+00
 4.60000E+00 0.00000E+00
 4.80000E+00 0.00000E+00
 5.00000E+00 0.00000E+00
 5.20000E+00 0.00000E+00
 5.40000E+00 0.00000E+00
 5.60000E+00 0.00000E+00
 5.80000E+00 0.00000E+00
 6.00000E+00 0.00000E+00
 6.20000E+00 0.00000E+00
 6.40000E+00 0.00000E+00
 6.60000E+00 0.00000E+00
 6.80000E+00 0.00000E+00
 7.00000E+00 0.00000E+00
 7.20000E+00 0.00000E+00
 7.40000E+00 0.00000E+00
 7.60000E+00 0.00000E+00
 7.80000E+00 0.00000E+00
 8.00000E+00 0.00000E+00
 8.50000E+00 0.00000E+00
 9.00000E+00 0.00000E+00
 9.50000E+00 0.00000E+00
 1.00000E+01 0.00000E+00
 1.05000E+01 0.00000E+00
 1.10000E+01 0.00000E+00
 1.15000E+01 0.00000E+00
 1.20000E+01 0.00000E+00
 1.25000E+01 0.00000E+00
 1.30000E+01 0.00000E+00
 1.35000E+01 0.00000E+00
 1.40000E+01 0.00000E+00
 1.45000E+01 0.00000E+00
 1.50000E+01 0.00000E+00
 1.60000E+01 0.00000E+00
 1.70000E+01 0.00000E+00
 1.80000E+01 0.00000E+00
 1.90000E+01 0.00000E+00
 2.00000E+01 0.00000E+00
 2.10000E+01 1.54592E-11
 2.20000E+01 2.01858E-10
 2.30000E+01 2.17628E-09
 2.40000E+01 1.74152E-08
 2.50000E+01 1.46942E-07
 2.60000E+01 7.43885E-07
 2.70000E+01 4.90113E-06
 2.80000E+01 1.87311E-05
 2.90000E+01 8.13425E-05
 3.00000E+01 2.16043E-04
 3.20000E+01 1.15008E-03
 3.40000E+01 3.44936E-03
 3.60000E+01 7.42159E-03
 3.80000E+01 1.32052E-02
 4.00000E+01 1.94871E-02
 4.20000E+01 2.55186E-02
 4.40000E+01 2.84400E-02
 4.60000E+01 2.92873E-02
 4.80000E+01 2.81104E-02
 5.00000E+01 2.52928E-02
 5.20000E+01 2.29713E-02
 5.40000E+01 2.10956E-02
 5.60000E+01 1.98180E-02
 5.80000E+01 1.92949E-02
 6.00000E+01 1.98773E-02
 6.50000E+01 2.41793E-02
 7.00000E+01 3.23189E-02
 7.50000E+01 4.43200E-02
 8.00000E+01 6.43062E-02
 9.00000E+01 1.21105E-01
 1.00000E+02 1.86170E-01
 1.10000E+02 2.42899E-01
 1.20000E+02 2.73976E-01
 1.30000E+02 2.84450E-01
 1.40000E+02 2.98495E-01
 1.50000E+02 2.89253E-01
 1.60000E+02 2.75347E-01
 1.80000E+02 2.72573E-01
 2.00000E+02 2.41887E-01
