# n + 132Xe: Production of 131Te - Total
# Q-value    =-1.06698E+01 mass= 130.908522
# E-threshold= 1.07514E+01
# # energies =   121
#     E          xs
 1.00000E-11 0.00000E+00
 2.53000E-08 0.00000E+00
 1.00000E-06 0.00000E+00
 1.00000E-05 0.00000E+00
 1.00000E-04 0.00000E+00
 1.50000E-04 0.00000E+00
 2.00000E-04 0.00000E+00
 3.00000E-04 0.00000E+00
 6.00000E-04 0.00000E+00
 7.50000E-04 0.00000E+00
 1.00000E-03 0.00000E+00
 2.00000E-03 0.00000E+00
 3.00000E-03 0.00000E+00
 6.00000E-03 0.00000E+00
 1.00000E-02 0.00000E+00
 2.00000E-02 0.00000E+00
 3.00000E-02 0.00000E+00
 6.00000E-02 0.00000E+00
 1.00000E-01 0.00000E+00
 2.00000E-01 0.00000E+00
 3.00000E-01 0.00000E+00
 4.00000E-01 0.00000E+00
 5.00000E-01 0.00000E+00
 6.00000E-01 0.00000E+00
 7.00000E-01 0.00000E+00
 8.00000E-01 0.00000E+00
 9.00000E-01 0.00000E+00
 1.00000E+00 0.00000E+00
 1.20000E+00 0.00000E+00
 1.40000E+00 0.00000E+00
 1.60000E+00 0.00000E+00
 1.80000E+00 0.00000E+00
 2.00000E+00 0.00000E+00
 2.20000E+00 0.00000E+00
 2.40000E+00 0.00000E+00
 2.60000E+00 0.00000E+00
 2.80000E+00 0.00000E+00
 3.00000E+00 0.00000E+00
 3.20000E+00 0.00000E+00
 3.40000E+00 0.00000E+00
 3.60000E+00 0.00000E+00
 3.80000E+00 0.00000E+00
 4.00000E+00 0.00000E+00
 4.20000E+00 0.00000E+00
 4.40000E+00 0.00000E+00
 4.60000E+00 0.00000E+00
 4.80000E+00 0.00000E+00
 5.00000E+00 0.00000E+00
 5.20000E+00 0.00000E+00
 5.40000E+00 0.00000E+00
 5.60000E+00 0.00000E+00
 5.80000E+00 0.00000E+00
 6.00000E+00 0.00000E+00
 6.20000E+00 0.00000E+00
 6.40000E+00 0.00000E+00
 6.60000E+00 0.00000E+00
 6.80000E+00 0.00000E+00
 7.00000E+00 0.00000E+00
 7.20000E+00 0.00000E+00
 7.40000E+00 0.00000E+00
 7.60000E+00 0.00000E+00
 7.80000E+00 0.00000E+00
 8.00000E+00 0.00000E+00
 8.50000E+00 0.00000E+00
 9.00000E+00 0.00000E+00
 9.50000E+00 0.00000E+00
 1.00000E+01 0.00000E+00
 1.05000E+01 0.00000E+00
 1.10000E+01 0.00000E+00
 1.15000E+01 0.00000E+00
 1.20000E+01 0.00000E+00
 1.25000E+01 0.00000E+00
 1.30000E+01 0.00000E+00
 1.35000E+01 0.00000E+00
 1.40000E+01 0.00000E+00
 1.45000E+01 0.00000E+00
 1.50000E+01 0.00000E+00
 1.60000E+01 2.15349E-12
 1.70000E+01 1.68395E-10
 1.80000E+01 4.13760E-09
 1.90000E+01 4.87103E-08
 2.00000E+01 2.93552E-07
 2.10000E+01 1.32085E-06
 2.20000E+01 4.56398E-06
 2.30000E+01 1.31966E-05
 2.40000E+01 3.45025E-05
 2.50000E+01 8.31735E-05
 2.60000E+01 1.94946E-04
 2.70000E+01 4.34538E-04
 2.80000E+01 9.30664E-04
 2.90000E+01 1.84428E-03
 3.00000E+01 3.45451E-03
 3.20000E+01 9.58102E-03
 3.40000E+01 2.08508E-02
 3.60000E+01 3.67924E-02
 3.80000E+01 5.42191E-02
 4.00000E+01 7.16406E-02
 4.20000E+01 8.65537E-02
 4.40000E+01 9.85325E-02
 4.60000E+01 1.10084E-01
 4.80000E+01 1.17280E-01
 5.00000E+01 1.23923E-01
 5.20000E+01 1.26692E-01
 5.40000E+01 1.30083E-01
 5.60000E+01 1.32578E-01
 5.80000E+01 1.30131E-01
 6.00000E+01 1.30287E-01
 6.50000E+01 1.24470E-01
 7.00000E+01 1.17682E-01
 7.50000E+01 1.10156E-01
 8.00000E+01 1.01818E-01
 9.00000E+01 8.80324E-02
 1.00000E+02 7.69682E-02
 1.10000E+02 6.67695E-02
 1.20000E+02 5.89718E-02
 1.30000E+02 5.18901E-02
 1.40000E+02 4.65912E-02
 1.50000E+02 3.98332E-02
 1.60000E+02 3.61295E-02
 1.80000E+02 2.82950E-02
 2.00000E+02 2.39376E-02
