# n + 126Xe: Production of 121Sb - Total
# Q-value    =-7.03595E+00 mass= 120.903810
# E-threshold= 7.09232E+00
# # energies =   121
#     E          xs
 1.00000E-11 0.00000E+00
 2.53000E-08 0.00000E+00
 1.00000E-06 0.00000E+00
 1.00000E-05 0.00000E+00
 1.32156E-05 0.00000E+00
 6.60779E-05 0.00000E+00
 1.00000E-04 0.00000E+00
 2.00000E-04 0.00000E+00
 3.00000E-04 0.00000E+00
 6.00000E-04 0.00000E+00
 1.00000E-03 0.00000E+00
 2.00000E-03 0.00000E+00
 3.00000E-03 0.00000E+00
 6.00000E-03 0.00000E+00
 1.00000E-02 0.00000E+00
 2.00000E-02 0.00000E+00
 3.00000E-02 0.00000E+00
 6.00000E-02 0.00000E+00
 1.00000E-01 0.00000E+00
 2.00000E-01 0.00000E+00
 3.00000E-01 0.00000E+00
 4.00000E-01 0.00000E+00
 5.00000E-01 0.00000E+00
 6.00000E-01 0.00000E+00
 7.00000E-01 0.00000E+00
 8.00000E-01 0.00000E+00
 9.00000E-01 0.00000E+00
 1.00000E+00 0.00000E+00
 1.20000E+00 0.00000E+00
 1.40000E+00 0.00000E+00
 1.60000E+00 0.00000E+00
 1.80000E+00 0.00000E+00
 2.00000E+00 0.00000E+00
 2.20000E+00 0.00000E+00
 2.40000E+00 0.00000E+00
 2.60000E+00 0.00000E+00
 2.80000E+00 0.00000E+00
 3.00000E+00 0.00000E+00
 3.20000E+00 0.00000E+00
 3.40000E+00 0.00000E+00
 3.60000E+00 0.00000E+00
 3.80000E+00 0.00000E+00
 4.00000E+00 0.00000E+00
 4.20000E+00 0.00000E+00
 4.40000E+00 0.00000E+00
 4.60000E+00 0.00000E+00
 4.80000E+00 0.00000E+00
 5.00000E+00 0.00000E+00
 5.20000E+00 0.00000E+00
 5.40000E+00 0.00000E+00
 5.60000E+00 0.00000E+00
 5.80000E+00 0.00000E+00
 6.00000E+00 0.00000E+00
 6.20000E+00 0.00000E+00
 6.40000E+00 0.00000E+00
 6.60000E+00 0.00000E+00
 6.80000E+00 0.00000E+00
 7.00000E+00 0.00000E+00
 7.20000E+00 0.00000E+00
 7.40000E+00 0.00000E+00
 7.60000E+00 0.00000E+00
 7.80000E+00 0.00000E+00
 8.00000E+00 0.00000E+00
 8.50000E+00 0.00000E+00
 9.00000E+00 0.00000E+00
 9.50000E+00 0.00000E+00
 1.00000E+01 0.00000E+00
 1.05000E+01 0.00000E+00
 1.10000E+01 0.00000E+00
 1.15000E+01 0.00000E+00
 1.20000E+01 0.00000E+00
 1.25000E+01 0.00000E+00
 1.30000E+01 0.00000E+00
 1.35000E+01 0.00000E+00
 1.40000E+01 0.00000E+00
 1.45000E+01 0.00000E+00
 1.50000E+01 0.00000E+00
 1.60000E+01 0.00000E+00
 1.70000E+01 0.00000E+00
 1.80000E+01 2.42037E-11
 1.90000E+01 6.13054E-10
 2.00000E+01 7.51095E-09
 2.10000E+01 5.35352E-08
 2.20000E+01 2.62514E-07
 2.30000E+01 9.26055E-07
 2.40000E+01 3.19316E-06
 2.50000E+01 1.77438E-05
 2.60000E+01 6.75198E-05
 2.70000E+01 2.56047E-04
 2.80000E+01 9.01167E-04
 2.90000E+01 2.27764E-03
 3.00000E+01 5.01065E-03
 3.20000E+01 1.78966E-02
 3.40000E+01 4.23986E-02
 3.60000E+01 7.89281E-02
 3.80000E+01 1.23936E-01
 4.00000E+01 1.72099E-01
 4.20000E+01 2.04673E-01
 4.40000E+01 2.18759E-01
 4.60000E+01 2.13080E-01
 4.80000E+01 1.96940E-01
 5.00000E+01 1.78135E-01
 5.20000E+01 1.58067E-01
 5.40000E+01 1.44775E-01
 5.60000E+01 1.37539E-01
 5.80000E+01 1.33943E-01
 6.00000E+01 1.39614E-01
 6.50000E+01 2.01822E-01
 7.00000E+01 3.18814E-01
 7.50000E+01 4.27785E-01
 8.00000E+01 4.89520E-01
 9.00000E+01 4.83475E-01
 1.00000E+02 5.42922E-01
 1.10000E+02 5.63343E-01
 1.20000E+02 5.98876E-01
 1.30000E+02 6.32149E-01
 1.40000E+02 6.17731E-01
 1.50000E+02 5.88026E-01
 1.60000E+02 5.47883E-01
 1.80000E+02 4.97080E-01
 2.00000E+02 4.34859E-01
