# n + 130Xe: Production of 125Sb - Total
# Q-value    =-9.11350E+00 mass= 124.905252
# E-threshold= 9.18426E+00
# # energies =   121
#     E          xs
 1.00000E-11 0.00000E+00
 2.53000E-08 0.00000E+00
 1.00000E-06 0.00000E+00
 1.00000E-05 0.00000E+00
 4.60000E-05 0.00000E+00
 1.00000E-04 0.00000E+00
 2.00000E-04 0.00000E+00
 2.30000E-04 0.00000E+00
 3.00000E-04 0.00000E+00
 6.00000E-04 0.00000E+00
 1.00000E-03 0.00000E+00
 2.00000E-03 0.00000E+00
 3.00000E-03 0.00000E+00
 6.00000E-03 0.00000E+00
 1.00000E-02 0.00000E+00
 2.00000E-02 0.00000E+00
 3.00000E-02 0.00000E+00
 6.00000E-02 0.00000E+00
 1.00000E-01 0.00000E+00
 2.00000E-01 0.00000E+00
 3.00000E-01 0.00000E+00
 4.00000E-01 0.00000E+00
 5.00000E-01 0.00000E+00
 6.00000E-01 0.00000E+00
 7.00000E-01 0.00000E+00
 8.00000E-01 0.00000E+00
 9.00000E-01 0.00000E+00
 1.00000E+00 0.00000E+00
 1.20000E+00 0.00000E+00
 1.40000E+00 0.00000E+00
 1.60000E+00 0.00000E+00
 1.80000E+00 0.00000E+00
 2.00000E+00 0.00000E+00
 2.20000E+00 0.00000E+00
 2.40000E+00 0.00000E+00
 2.60000E+00 0.00000E+00
 2.80000E+00 0.00000E+00
 3.00000E+00 0.00000E+00
 3.20000E+00 0.00000E+00
 3.40000E+00 0.00000E+00
 3.60000E+00 0.00000E+00
 3.80000E+00 0.00000E+00
 4.00000E+00 0.00000E+00
 4.20000E+00 0.00000E+00
 4.40000E+00 0.00000E+00
 4.60000E+00 0.00000E+00
 4.80000E+00 0.00000E+00
 5.00000E+00 0.00000E+00
 5.20000E+00 0.00000E+00
 5.40000E+00 0.00000E+00
 5.60000E+00 0.00000E+00
 5.80000E+00 0.00000E+00
 6.00000E+00 0.00000E+00
 6.20000E+00 0.00000E+00
 6.40000E+00 0.00000E+00
 6.60000E+00 0.00000E+00
 6.80000E+00 0.00000E+00
 7.00000E+00 0.00000E+00
 7.20000E+00 0.00000E+00
 7.40000E+00 0.00000E+00
 7.60000E+00 0.00000E+00
 7.80000E+00 0.00000E+00
 8.00000E+00 0.00000E+00
 8.50000E+00 0.00000E+00
 9.00000E+00 0.00000E+00
 9.50000E+00 0.00000E+00
 1.00000E+01 0.00000E+00
 1.05000E+01 0.00000E+00
 1.10000E+01 0.00000E+00
 1.15000E+01 0.00000E+00
 1.20000E+01 0.00000E+00
 1.25000E+01 0.00000E+00
 1.30000E+01 0.00000E+00
 1.35000E+01 0.00000E+00
 1.40000E+01 0.00000E+00
 1.45000E+01 0.00000E+00
 1.50000E+01 0.00000E+00
 1.60000E+01 0.00000E+00
 1.70000E+01 0.00000E+00
 1.80000E+01 0.00000E+00
 1.90000E+01 0.00000E+00
 2.00000E+01 0.00000E+00
 2.10000E+01 7.90854E-12
 2.20000E+01 4.14788E-11
 2.30000E+01 2.04293E-10
 2.40000E+01 1.24805E-09
 2.50000E+01 7.14657E-09
 2.60000E+01 4.99997E-08
 2.70000E+01 2.55185E-07
 2.80000E+01 1.30891E-06
 2.90000E+01 4.92454E-06
 3.00000E+01 1.50979E-05
 3.20000E+01 1.02862E-04
 3.40000E+01 3.95472E-04
 3.60000E+01 1.04353E-03
 3.80000E+01 2.23146E-03
 4.00000E+01 3.98774E-03
 4.20000E+01 6.16114E-03
 4.40000E+01 8.06110E-03
 4.60000E+01 9.71449E-03
 4.80000E+01 1.01576E-02
 5.00000E+01 1.06555E-02
 5.20000E+01 1.06451E-02
 5.40000E+01 1.04009E-02
 5.60000E+01 1.04531E-02
 5.80000E+01 1.05430E-02
 6.00000E+01 1.08479E-02
 6.50000E+01 1.71316E-02
 7.00000E+01 2.87931E-02
 7.50000E+01 4.37111E-02
 8.00000E+01 6.41200E-02
 9.00000E+01 1.16616E-01
 1.00000E+02 1.83576E-01
 1.10000E+02 2.37693E-01
 1.20000E+02 2.83295E-01
 1.30000E+02 3.06755E-01
 1.40000E+02 3.07428E-01
 1.50000E+02 3.09764E-01
 1.60000E+02 3.14706E-01
 1.80000E+02 2.88159E-01
 2.00000E+02 2.72917E-01
