# n + 128Xe: Production of 123Sb - Total
# Q-value    =-8.12554E+00 mass= 122.904214
# E-threshold= 8.18962E+00
# # energies =   121
#     E          xs
 1.00000E-11 0.00000E+00
 2.53000E-08 0.00000E+00
 1.00000E-06 0.00000E+00
 1.00000E-05 0.00000E+00
 5.00000E-05 0.00000E+00
 1.00000E-04 0.00000E+00
 2.00000E-04 0.00000E+00
 2.50000E-04 0.00000E+00
 3.00000E-04 0.00000E+00
 6.00000E-04 0.00000E+00
 1.00000E-03 0.00000E+00
 2.00000E-03 0.00000E+00
 3.00000E-03 0.00000E+00
 6.00000E-03 0.00000E+00
 1.00000E-02 0.00000E+00
 2.00000E-02 0.00000E+00
 3.00000E-02 0.00000E+00
 6.00000E-02 0.00000E+00
 1.00000E-01 0.00000E+00
 2.00000E-01 0.00000E+00
 3.00000E-01 0.00000E+00
 4.00000E-01 0.00000E+00
 5.00000E-01 0.00000E+00
 6.00000E-01 0.00000E+00
 7.00000E-01 0.00000E+00
 8.00000E-01 0.00000E+00
 9.00000E-01 0.00000E+00
 1.00000E+00 0.00000E+00
 1.20000E+00 0.00000E+00
 1.40000E+00 0.00000E+00
 1.60000E+00 0.00000E+00
 1.80000E+00 0.00000E+00
 2.00000E+00 0.00000E+00
 2.20000E+00 0.00000E+00
 2.40000E+00 0.00000E+00
 2.60000E+00 0.00000E+00
 2.80000E+00 0.00000E+00
 3.00000E+00 0.00000E+00
 3.20000E+00 0.00000E+00
 3.40000E+00 0.00000E+00
 3.60000E+00 0.00000E+00
 3.80000E+00 0.00000E+00
 4.00000E+00 0.00000E+00
 4.20000E+00 0.00000E+00
 4.40000E+00 0.00000E+00
 4.60000E+00 0.00000E+00
 4.80000E+00 0.00000E+00
 5.00000E+00 0.00000E+00
 5.20000E+00 0.00000E+00
 5.40000E+00 0.00000E+00
 5.60000E+00 0.00000E+00
 5.80000E+00 0.00000E+00
 6.00000E+00 0.00000E+00
 6.20000E+00 0.00000E+00
 6.40000E+00 0.00000E+00
 6.60000E+00 0.00000E+00
 6.80000E+00 0.00000E+00
 7.00000E+00 0.00000E+00
 7.20000E+00 0.00000E+00
 7.40000E+00 0.00000E+00
 7.60000E+00 0.00000E+00
 7.80000E+00 0.00000E+00
 8.00000E+00 0.00000E+00
 8.50000E+00 0.00000E+00
 9.00000E+00 0.00000E+00
 9.50000E+00 0.00000E+00
 1.00000E+01 0.00000E+00
 1.05000E+01 0.00000E+00
 1.10000E+01 0.00000E+00
 1.15000E+01 0.00000E+00
 1.20000E+01 0.00000E+00
 1.25000E+01 0.00000E+00
 1.30000E+01 0.00000E+00
 1.35000E+01 0.00000E+00
 1.40000E+01 0.00000E+00
 1.45000E+01 0.00000E+00
 1.50000E+01 0.00000E+00
 1.60000E+01 0.00000E+00
 1.70000E+01 0.00000E+00
 1.80000E+01 0.00000E+00
 1.90000E+01 5.19650E-12
 2.00000E+01 7.96551E-11
 2.10000E+01 6.17964E-10
 2.20000E+01 3.27827E-09
 2.30000E+01 1.48336E-08
 2.40000E+01 5.72122E-08
 2.50000E+01 3.00629E-07
 2.60000E+01 1.27317E-06
 2.70000E+01 5.63326E-06
 2.80000E+01 2.36988E-05
 2.90000E+01 7.10669E-05
 3.00000E+01 1.92589E-04
 3.20000E+01 9.17943E-04
 3.40000E+01 2.78748E-03
 3.60000E+01 6.34326E-03
 3.80000E+01 1.18725E-02
 4.00000E+01 1.91059E-02
 4.20000E+01 2.60920E-02
 4.40000E+01 3.10136E-02
 4.60000E+01 3.26836E-02
 4.80000E+01 3.22645E-02
 5.00000E+01 3.14508E-02
 5.20000E+01 2.92511E-02
 5.40000E+01 2.80629E-02
 5.60000E+01 2.72486E-02
 5.80000E+01 2.65031E-02
 6.00000E+01 2.80012E-02
 6.50000E+01 3.93290E-02
 7.00000E+01 5.97789E-02
 7.50000E+01 9.54106E-02
 8.00000E+01 1.38690E-01
 9.00000E+01 2.49770E-01
 1.00000E+02 3.35115E-01
 1.10000E+02 3.82395E-01
 1.20000E+02 4.11076E-01
 1.30000E+02 4.09952E-01
 1.40000E+02 4.01868E-01
 1.50000E+02 4.01389E-01
 1.60000E+02 3.77635E-01
 1.80000E+02 3.41815E-01
 2.00000E+02 3.09112E-01
