#ZVView-data-copy:  29-Jan-2019 22:43:55
#=======================================
#
#name:   ENDF/B-VIII.0: P-31(N,G)P-32
#X.axis: Incident Energy
#Y.axis: Cross Section
#wdata:  2
#ldata:  351
#data...
#            X            Y
#          MeV        barns
         1e-11      8.42741
   1.10304e-11      8.02417
   1.21669e-11      7.64023
   1.34206e-11      7.27466
   1.48034e-11      6.92659
   1.63287e-11      6.59518
   1.80111e-11      6.27962
   1.98669e-11      5.97917
   2.19139e-11      5.69309
   2.41719e-11       5.4207
   2.66625e-11      5.16135
   2.94097e-11      4.91441
     3.244e-11      4.67929
   3.57825e-11      4.45543
   3.94694e-11      4.24227
   4.35362e-11      4.03932
   4.80221e-11      3.84608
   5.29701e-11      3.66209
    5.8428e-11      3.48691
   6.44483e-11      3.32011
   7.10888e-11       3.1613
   7.84136e-11      3.01009
   8.64931e-11      2.86611
   9.54051e-11      2.72903
   1.05235e-10      2.59851
   1.16078e-10      2.47424
   1.28039e-10      2.35592
   1.41231e-10      2.24327
   1.55784e-10        2.136
   1.71835e-10      2.03388
    1.8954e-10      1.93664
    2.0907e-10      1.84406
   2.30612e-10      1.75592
   2.54374e-10        1.672
   2.80584e-10      1.59209
   3.09494e-10      1.51601
   3.41383e-10      1.44358
   3.76558e-10      1.37462
   4.15358e-10      1.30896
   4.58155e-10      1.24645
   5.05362e-10      1.18693
   5.57433e-10      1.13026
   6.14869e-10      1.07631
   6.78223e-10      1.02494
   7.48105e-10     0.976032
   8.25188e-10     0.929468
   9.10213e-10     0.885135
      1.004e-9     0.842924
    1.10745e-9     0.802735
    1.22155e-9     0.764471
    1.34742e-9     0.728038
    1.48625e-9     0.693348
    1.63939e-9     0.660318
    1.80831e-9     0.628868
    1.99463e-9     0.598922
    2.20016e-9     0.570406
    2.42685e-9     0.543253
    2.67691e-9     0.517397
    2.95273e-9     0.492775
    3.25697e-9     0.469328
    3.59256e-9     0.446999
    3.96272e-9     0.425734
    4.37103e-9     0.405483
    4.82141e-9     0.386197
    5.31819e-9      0.36783
    5.86616e-9     0.350337
    6.47059e-9     0.333677
     7.1373e-9     0.317811
    7.87271e-9     0.302699
    8.68389e-9     0.288306
    9.57865e-9     0.274598
    1.05656e-8     0.261543
    1.16543e-8     0.249107
    1.28551e-8     0.237263
    1.41796e-8      0.22598
    1.56406e-8     0.215231
    1.72522e-8     0.204988
    1.90298e-8     0.195226
    2.09906e-8     0.185917
    2.31534e-8     0.177038
    2.52419e-8     0.169556
       2.53e-8     0.169361
    2.79068e-8      0.16124
    3.07823e-8     0.153491
     3.3954e-8       0.1461
    3.74525e-8     0.139054
    4.13115e-8      0.13234
    4.55681e-8     0.125946
    5.02633e-8     0.119858
    5.54423e-8     0.114063
    6.11549e-8     0.108548
    6.74561e-8     0.103301
    7.44066e-8    0.0983073
    8.20732e-8    0.0935544
    9.05297e-8    0.0890318
    9.98577e-8    0.0847272
    1.10147e-7    0.0806288
    1.21496e-7    0.0767294
    1.34014e-7    0.0730221
    1.47823e-7    0.0694925
    1.63054e-7    0.0661307
    1.79855e-7    0.0629345
    1.98386e-7    0.0598932
    2.18827e-7    0.0569951
    2.41375e-7    0.0542362
    2.66245e-7    0.0516175
    2.93678e-7    0.0491245
    3.23938e-7    0.0467446
    3.57316e-7    0.0444866
    3.94132e-7    0.0423376
    4.34743e-7    0.0402891
    4.79537e-7    0.0383371
    5.28947e-7    0.0364859
    5.87564e-7    0.0346034
    6.48105e-7    0.0329238
    7.14884e-7    0.0313353
    7.88543e-7    0.0298213
    8.69792e-7    0.0283785
    9.59413e-7    0.0270031
    1.05827e-6    0.0256982
    1.17549e-6    0.0243748
     1.2966e-6      0.02319
     1.4302e-6    0.0220727
    1.57757e-6    0.0210057
    1.74011e-6    0.0199893
    1.91941e-6    0.0190203
    2.11718e-6    0.0181003
    2.38498e-6    0.0170459
    2.63072e-6    0.0162182
    2.92211e-6    0.0153829
    3.24593e-6    0.0145847
     3.5553e-6    0.0139314
    3.92163e-6    0.0132574
    4.38673e-6    0.0125333
    4.87286e-6    0.0118883
    5.41259e-6    0.0112817
    5.88723e-6    0.0108215
    6.05452e-6    0.0107174
    6.72547e-6    0.0106112
    9.02594e-6    0.0103045
    4.42639e-5   0.00980616
    7.17742e-5   0.00956378
   0.000116377   0.00932747
   0.000175939   0.00913219
   0.000361988   0.00879598
   0.000665842    0.0085244
    0.00113261   0.00829345
    0.00177328   0.00810475
    0.00373404   0.00779768
      0.007336   0.00753074
     0.0128516   0.00731608
     0.0207855   0.00713671
     0.0321768   0.00695969
           0.3   0.00200016
             3  0.000700012
       10.0085  0.000445144
       10.1497  0.000440009
       10.2929  0.000434802
       10.4381  0.000429522
       10.5854  0.000424167
       10.7348  0.000418736
       10.8862  0.000413229
       11.0398  0.000407644
       11.1955  0.000401981
       11.3535  0.000396237
       11.5137  0.000390412
       11.6761  0.000384505
       11.8408  0.000378515
       12.0079  0.000372441
       12.1773   0.00036628
       12.3491  0.000360033
       12.5233  0.000353698
          12.7  0.000347273
       12.8792  0.000340758
       13.0609   0.00033415
       13.2451   0.00032745
        13.432  0.000320655
       13.6215  0.000313764
       13.8137  0.000306775
            14       0.0003
       14.1975  0.000296708
       14.3978   0.00029337
       14.6009  0.000289984
       14.8069  0.000286551
       15.0158  0.000283069
       15.2277  0.000279539
       15.4425  0.000275958
       15.6604  0.000272327
       15.8813  0.000268645
       16.1054   0.00026491
       16.3326  0.000261123
        16.563  0.000257283
       16.7967  0.000253388
       17.0337  0.000249439
        17.274  0.000245434
       17.5177  0.000241372
       17.7648  0.000237253
       18.0155  0.000233076
       18.2696   0.00022884
       18.5274  0.000224544
       18.7888  0.000220187
       19.0538  0.000215769
       19.3227  0.000211289
       19.5953  0.000206746
       19.8717  0.000202138
            20       0.0002
            20            0
       20.2822            0
       20.5683            0
       20.8585            0
       21.1528            0
       21.4512            0
       21.7538            0
       22.0607            0
        22.372            0
       22.6876            0
       23.0077            0
       23.3323            0
       23.6615            0
       23.9953            0
       24.3338            0
       24.6771            0
       25.0253            0
       25.3783            0
       25.7364            0
       26.0995            0
       26.4677            0
       26.8411            0
       27.2198            0
       27.6038            0
       27.9932            0
       28.3882            0
       28.7887            0
       29.1948            0
       29.6067            0
       30.0244            0
        30.448            0
       30.8776            0
       31.3132            0
        31.755            0
        32.203            0
       32.6573            0
       33.1181            0
       33.5853            0
       34.0591            0
       34.5396            0
       35.0269            0
       35.5211            0
       36.0222            0
       36.5304            0
       37.0458            0
       37.5685            0
       38.0985            0
        38.636            0
       39.1811            0
       39.7338            0
       40.2944            0
       40.8629            0
       41.4394            0
        42.024            0
       42.6169            0
       43.2182            0
       43.8279            0
       44.4462            0
       45.0733            0
       45.7092            0
       46.3541            0
        47.008            0
       47.6712            0
       48.3438            0
       49.0258            0
       49.7175            0
       50.4189            0
       51.1303            0
       51.8516            0
       52.5831            0
        53.325            0
       54.0773            0
       54.8402            0
       55.6139            0
       56.3986            0
       57.1942            0
       58.0011            0
       58.8194            0
       59.6493            0
       60.4908            0
       61.3442            0
       62.2097            0
       63.0874            0
       63.9774            0
         64.88            0
       65.7954            0
       66.7236            0
        67.665            0
       68.6196            0
       69.5877            0
       70.5695            0
       71.5651            0
       72.5747            0
       73.5986            0
        74.637            0
       75.6899            0
       76.7578            0
       77.8407            0
       78.9389            0
       80.0526            0
        81.182            0
       82.3273            0
       83.4888            0
       84.6667            0
       85.8612            0
       87.0725            0
        88.301            0
       89.5467            0
       90.8101            0
       92.0912            0
       93.3905            0
        94.708            0
       96.0442            0
       97.3992            0
       98.7733            0
       100.167            0
        101.58            0
       103.013            0
       104.466            0
        105.94            0
       107.435            0
       108.951            0
       110.488            0
       112.047            0
       113.627            0
        115.23            0
       116.856            0
       118.505            0
       120.177            0
       121.872            0
       123.591            0
       125.335            0
       127.103            0
       128.897            0
       130.715            0
       132.559            0
       134.429            0
       136.326            0
       138.249            0
         140.2            0
       142.178            0
       144.184            0
       146.218            0
       148.281            0
           150            0
//
#-------------------------------------------------------------------------------
