#ZVView-data-copy:  29-Jan-2019 22:42:44
#=======================================
#
#name:   ENDF/B-VIII.0: S-34(N,G)S-35
#X.axis: Incident Energy
#Y.axis: Cross Section
#wdata:  2
#ldata:  1916
#data...
#            X            Y
#          MeV        barns
         1e-11      11.2466
   1.10304e-11      10.7085
   1.21669e-11      10.1961
   1.34206e-11      9.70817
   1.48034e-11      9.24363
   1.63287e-11      8.80131
   1.80111e-11      8.38016
   1.98669e-11      7.97916
   2.19139e-11      7.59735
   2.41719e-11      7.23381
   2.66625e-11      6.88767
   2.94097e-11      6.55809
     3.244e-11      6.24428
   3.57825e-11      5.94548
   3.94694e-11      5.66099
   4.35362e-11       5.3901
   4.80221e-11      5.13218
   5.29701e-11       4.8866
    5.8428e-11      4.65277
   6.44483e-11      4.43014
   7.10888e-11      4.21815
   7.84136e-11      4.01631
   8.64931e-11      3.82412
   9.54051e-11      3.64114
   1.05235e-10       3.4669
   1.16078e-10      3.30101
   1.28039e-10      3.14305
   1.41231e-10      2.99266
   1.55784e-10      2.84945
   1.71835e-10      2.71311
    1.8954e-10      2.58328
    2.0907e-10      2.45967
   2.30612e-10      2.34197
   2.54374e-10      2.22991
   2.80584e-10       2.1232
   3.09494e-10      2.02161
   3.41383e-10      1.92487
   3.76558e-10      1.83276
   4.15358e-10      1.74506
   4.58155e-10      1.66156
   5.05362e-10      1.58205
   5.57433e-10      1.50635
   6.14869e-10      1.43427
   6.78223e-10      1.36564
   7.48105e-10      1.30029
   8.25188e-10      1.23807
   9.10213e-10      1.17883
      1.004e-9      1.12242
    1.10745e-9      1.06871
    1.22155e-9      1.01757
    1.34742e-9     0.968882
    1.48625e-9      0.92252
    1.63939e-9     0.878377
    1.80831e-9     0.836346
    1.99463e-9     0.796326
    2.20016e-9     0.758221
    2.42685e-9     0.721939
    2.67691e-9     0.687394
    2.95273e-9     0.654501
    3.25697e-9     0.623183
    3.59256e-9     0.593363
    3.96272e-9      0.56497
    4.37103e-9     0.537936
    4.82141e-9     0.512195
    5.31819e-9     0.487686
    5.86616e-9      0.46435
    6.47059e-9      0.44213
     7.1373e-9     0.420974
    7.87271e-9      0.40083
    8.68389e-9      0.38165
    9.57865e-9     0.363387
    1.05656e-8     0.345999
    1.16543e-8     0.329442
    1.28551e-8     0.313678
    1.41796e-8     0.298669
    1.56406e-8     0.284378
    1.72522e-8     0.270771
    1.90298e-8     0.257817
    2.09906e-8     0.245485
    2.31534e-8     0.233745
    2.52419e-8     0.223875
       2.53e-8     0.223618
    2.79068e-8      0.21293
    3.07823e-8     0.202753
     3.3954e-8      0.19306
    3.74525e-8     0.183827
    4.13115e-8     0.175032
    4.55681e-8     0.166659
    5.02633e-8      0.15869
    5.54423e-8     0.151104
    6.11549e-8     0.143878
    6.74561e-8     0.136991
    7.44066e-8     0.130429
    8.20732e-8      0.12418
    9.05297e-8     0.118232
    9.98577e-8     0.112571
    1.10147e-7     0.107188
    1.21496e-7     0.102068
    1.34014e-7    0.0971886
    1.47823e-7    0.0925347
    1.63054e-7     0.088101
    1.79855e-7    0.0838801
    1.98386e-7    0.0798629
    2.18827e-7    0.0760432
    2.41375e-7    0.0724147
    2.66245e-7    0.0689534
    2.93678e-7    0.0656495
    3.23938e-7    0.0625033
    3.57316e-7    0.0595085
    3.94132e-7    0.0566583
    4.34743e-7    0.0539523
     4.8292e-7    0.0512013
    5.32679e-7    0.0487473
    5.87564e-7    0.0464102
    6.48105e-7    0.0441858
    7.14884e-7    0.0420684
    7.88543e-7    0.0400531
    8.69792e-7    0.0381441
    9.66133e-7    0.0361965
    1.06568e-6    0.0344604
    1.17549e-6    0.0328081
     1.2966e-6    0.0312354
     1.4302e-6    0.0297381
    1.57757e-6     0.028313
    1.74011e-6    0.0269562
    1.90606e-6    0.0257601
    2.11718e-6    0.0244433
    2.33533e-6    0.0232716
    2.57595e-6    0.0221554
    2.84137e-6    0.0210922
    3.13414e-6    0.0200812
    3.45707e-6    0.0191183
    3.78675e-6    0.0182687
    4.20618e-6    0.0173341
    4.63957e-6    0.0165035
    5.08202e-6    0.0157667
    5.60566e-6    0.0150081
    6.18325e-6    0.0142887
    6.82035e-6     0.013602
     7.5231e-6    0.0129504
    8.41533e-6    0.0122449
     9.2174e-6    0.0116981
    1.00964e-5    0.0111754
    1.10587e-5    0.0106744
    1.21982e-5    0.0101608
     1.3455e-5   0.00967117
    1.48414e-5   0.00920608
    1.67187e-5   0.00867247
    1.84413e-5   0.00825563
    2.00585e-5   0.00791312
    2.18174e-5   0.00758437
    2.40654e-5   0.00721626
     2.6545e-5   0.00686816
    2.92802e-5     0.006536
    3.29822e-5   0.00615343
    3.66372e-5   0.00583574
      3.985e-5   0.00559203
    4.33445e-5   0.00535818
    4.74757e-5   0.00511426
    5.23674e-5   0.00486543
    5.77632e-5   0.00462723
    6.23915e-5   0.00445107
    6.69186e-5   0.00429227
    7.32966e-5   0.00409623
    7.97241e-5   0.00392269
    8.61121e-5   0.00376955
    9.36634e-5   0.00360878
   0.000103314    0.0034292
   0.000113161    0.0032698
   0.000122228   0.00314217
   0.000133878   0.00299507
   0.000146645   0.00285467
   0.000159505   0.00273031
   0.000172276   0.00262055
    0.00018608    0.0025146
   0.000203816    0.0023936
   0.000223252   0.00227889
    0.00024283   0.00217725
    0.00026785   0.00206311
   0.000291338   0.00196906
   0.000316886   0.00187883
    0.00034226   0.00179907
   0.000369684   0.00172201
   0.000399286   0.00164746
   0.000437363   0.00156263
   0.000478615   0.00148184
   0.000531654   0.00139237
   0.000582326   0.00131792
   0.000633392   0.00125175
   0.000684142   0.00119313
   0.000733174    0.0011421
   0.000786373   0.00109205
    0.00084265   0.00104409
   0.000915761  0.000988096
   0.000991348  0.000936881
    0.00106778  0.000890669
    0.00116141  0.000839795
    0.00126191  0.000791542
    0.00136303  0.000748299
    0.00146193  0.000710261
    0.00156408  0.000674744
    0.00166581  0.000642587
    0.00177426  0.000611345
    0.00191438  0.000574717
    0.00205284  0.000542651
    0.00220154  0.000511311
    0.00236128  0.000481314
     0.0025238  0.000453867
    0.00270693  0.000425814
    0.00290334  0.000398924
    0.00310621  0.000374011
    0.00328277  0.000354351
    0.00345932  0.000336332
    0.00363587  0.000319759
    0.00381242  0.000304466
    0.00403217  0.000287025
    0.00428168  0.000268957
    0.00451864  0.000253573
    0.00476143  0.000239103
    0.00504829   0.00022363
    0.00532626  0.000209998
     0.0056173  0.000197146
     0.0058898  0.000186166
    0.00622928  0.000173691
    0.00658832  0.000161852
    0.00694175  0.000151342
     0.0072924  0.000141895
    0.00764305  0.000133305
    0.00802696  0.000124781
    0.00834435  0.000118303
      0.008695  0.000111721
    0.00903902  0.000105797
    0.00945366   9.92199e-5
    0.00988838   9.30014e-5
     0.0103092   8.74723e-5
     0.0108026   8.16296e-5
      0.011304   7.62574e-5
     0.0118335   7.11667e-5
     0.0120688   6.90276e-5
     0.0126311   6.43314e-5
     0.0131733   6.02227e-5
     0.0137284   5.64126e-5
      0.014457   5.19664e-5
     0.0150776   4.85586e-5
     0.0157206   4.53714e-5
     0.0163524   4.25337e-5
     0.0169842   3.99541e-5
      0.017616    3.7603e-5
     0.0182478   3.54543e-5
      0.018867   3.35243e-5
     0.0194861   3.17498e-5
     0.0201053   3.01147e-5
     0.0207245   2.86024e-5
     0.0215266   2.68083e-5
     0.0223923     2.507e-5
     0.0234213   2.32166e-5
     0.0243687   2.16964e-5
      0.025316   2.03288e-5
     0.0264486   1.88759e-5
     0.0274026   1.77722e-5
     0.0283566   1.67693e-5
     0.0291274   1.60272e-5
     0.0301077   1.51619e-5
     0.0312196   1.42669e-5
      0.032318   1.34785e-5
     0.0331962   1.28989e-5
     0.0343131   1.22252e-5
     0.0355798   1.15313e-5
      0.036709   1.09796e-5
     0.0380233   1.03959e-5
      0.039729   9.72925e-6
     0.0409926    9.2892e-6
     0.0423486   8.86518e-6
     0.0438675   8.43773e-6
     0.0455552   8.02445e-6
     0.0473612   7.63638e-6
     0.0491374   7.30417e-6
     0.0511952   6.97681e-6
      0.053253   6.70208e-6
     0.0556504   6.44277e-6
     0.0574654   6.28314e-6
     0.0596939   6.12865e-6
      0.061639   6.02917e-6
      0.063166   5.97457e-6
     0.0647483   5.93506e-6
     0.0668043   5.91283e-6
     0.0687919   5.93045e-6
     0.0707466   5.97776e-6
     0.0723252   6.03833e-6
     0.0743328   6.15467e-6
     0.0763404   6.31473e-6
     0.0778461   6.46696e-6
     0.0793518   6.65026e-6
     0.0808575   6.87076e-6
     0.0823632   7.12698e-6
      0.083367    7.3244e-6
     0.0843708   7.54446e-6
     0.0853746   7.78968e-6
     0.0863784   8.06302e-6
     0.0873822   8.36792e-6
      0.088386   8.70843e-6
     0.0896408   9.19277e-6
     0.0906445   9.63243e-6
     0.0916484   1.01268e-5
     0.0926521   1.06844e-5
      0.093656   1.13156e-5
     0.0946598   1.20326e-5
     0.0954126   1.26326e-5
     0.0961655   1.33039e-5
     0.0969183   1.40413e-5
     0.0976712    1.4872e-5
      0.098424   1.57902e-5
     0.0989259   1.64672e-5
     0.0994278   1.71997e-5
     0.0999297   1.79937e-5
      0.100432   1.88562e-5
      0.100933   1.97951e-5
      0.101435   2.08195e-5
      0.101937     2.194e-5
      0.102439   2.31688e-5
      0.102941   2.45201e-5
      0.103443   2.60106e-5
      0.103945   2.76598e-5
      0.104447    2.9491e-5
      0.104949   3.15315e-5
      0.105451   3.38137e-5
      0.105827   3.57159e-5
      0.106203   3.77803e-5
       0.10658   4.00646e-5
      0.106956   4.25556e-5
      0.107333   4.53299e-5
      0.107709   4.83727e-5
       0.10796    5.0596e-5
      0.108211    5.2985e-5
      0.108462   5.55564e-5
      0.108713   5.83293e-5
      0.108964   6.13252e-5
      0.109215   6.45685e-5
      0.109466   6.80872e-5
      0.109717   7.19132e-5
      0.109968   7.60832e-5
      0.110219   8.06397e-5
       0.11047   8.56317e-5
      0.110721   9.11164e-5
      0.110972   9.71606e-5
      0.111222  0.000103843
      0.111473  0.000111256
      0.111724  0.000119505
      0.111913  0.000126343
      0.112101  0.000133752
      0.112289  0.000141899
      0.112477  0.000150764
      0.112665  0.000160569
      0.112854  0.000171295
      0.113042   0.00018324
       0.11323  0.000196386
      0.113356  0.000205998
      0.113481  0.000216341
      0.113606  0.000227489
      0.113732  0.000239528
      0.113857  0.000252556
      0.113983  0.000266683
      0.114108  0.000282037
      0.114234  0.000298764
      0.114359  0.000317032
      0.114485  0.000337035
       0.11461     0.000359
      0.114736  0.000383191
      0.114861  0.000409919
      0.114987  0.000439535
      0.115087  0.000465588
        0.1152  0.000497873
      0.115275   0.00052114
      0.115388  0.000559476
      0.115489  0.000597153
      0.115589  0.000638767
      0.115689  0.000684883
      0.115815  0.000749774
       0.11589  0.000793255
      0.115965  0.000840723
      0.116041  0.000892461
      0.116116  0.000949236
      0.116191   0.00101145
      0.116267   0.00108012
      0.116342   0.00115581
      0.116417   0.00123993
      0.116492   0.00133328
      0.116543   0.00140155
      0.116593   0.00147517
      0.116643   0.00155471
      0.116693   0.00164082
      0.116743   0.00173424
      0.116794   0.00183581
      0.116844   0.00194649
      0.116894   0.00206741
      0.116944   0.00219985
      0.116994   0.00234532
      0.117044   0.00250555
      0.117095   0.00268258
      0.117145   0.00287884
      0.117195   0.00309648
      0.117233   0.00327599
       0.11727   0.00347202
      0.117309   0.00369338
      0.117351   0.00395245
      0.117392   0.00423936
      0.117431   0.00453808
      0.117469   0.00485743
      0.117506   0.00521039
      0.117544   0.00560295
      0.117582   0.00604043
      0.117619   0.00652974
      0.117644   0.00688874
      0.117669   0.00727723
      0.117694   0.00769841
       0.11772   0.00815592
      0.117745   0.00865388
       0.11777   0.00919698
      0.117795   0.00979057
       0.11782    0.0104408
      0.117845    0.0111547
       0.11787    0.0119403
      0.117895    0.0128068
       0.11792    0.0137651
      0.117945    0.0148273
      0.117964    0.0157007
      0.117983    0.0166472
      0.118002    0.0176744
      0.118021    0.0187908
       0.11804    0.0200055
      0.118058    0.0213286
      0.118077    0.0227717
      0.118096    0.0243467
      0.118115    0.0260672
      0.118134    0.0279472
      0.118152    0.0300021
      0.118171    0.0322472
       0.11819    0.0346982
      0.118209    0.0373696
      0.118228    0.0402748
      0.118247    0.0434229
      0.118265     0.046818
      0.118284    0.0504556
      0.118309     0.055653
      0.118339    0.0622972
       0.11839    0.0735569
      0.118408    0.0774576
      0.118427    0.0809415
      0.118446    0.0838398
      0.118459    0.0853673
      0.118471    0.0865228
      0.118484    0.0872736
        0.1185    0.0876077
      0.118514    0.0873161
      0.118528    0.0864826
      0.118542    0.0851359
      0.118556    0.0833191
      0.118571    0.0810876
      0.118588    0.0778005
      0.118602    0.0751356
      0.118628    0.0694042
      0.118681     0.057599
      0.118706    0.0522762
      0.118725    0.0485346
      0.118743     0.045029
      0.118762    0.0417683
      0.118781    0.0387527
        0.1188    0.0359745
      0.118819    0.0334229
      0.118838    0.0310838
      0.118856     0.028942
      0.118875    0.0269818
      0.118894    0.0251881
      0.118913    0.0235461
      0.118932    0.0220423
       0.11895    0.0206637
      0.118969    0.0193989
      0.118988    0.0182369
      0.119007    0.0171682
      0.119026     0.016184
      0.119045    0.0152764
       0.11907    0.0141734
      0.119095     0.013179
       0.11912    0.0122804
      0.119145    0.0114664
       0.11917    0.0107273
      0.119195    0.0100545
       0.11922    0.0094408
      0.119245   0.00887966
       0.11927    0.0083655
      0.119296   0.00789339
      0.119321   0.00745902
      0.119346    0.0070586
      0.119371   0.00668878
      0.119396   0.00634661
      0.119434   0.00587954
      0.119471   0.00546127
        0.1195    0.0051699
      0.119533   0.00486761
      0.119565   0.00459104
      0.119598   0.00433615
      0.119638   0.00404705
      0.119675   0.00381241
      0.119711   0.00359735
      0.119747   0.00340069
      0.119783    0.0032196
      0.119819   0.00305356
      0.119855   0.00289866
      0.119905   0.00270214
      0.119956   0.00252481
      0.120006   0.00236428
      0.120056    0.0022185
      0.120106   0.00208574
      0.120156    0.0019645
      0.120206   0.00185349
      0.120257   0.00175161
      0.120307   0.00165787
      0.120357   0.00157145
      0.120407   0.00149161
      0.120457   0.00141769
      0.120533    0.0013168
      0.120608   0.00122611
      0.120683   0.00114466
      0.120759   0.00107091
      0.120834   0.00100421
      0.120909  0.000943441
      0.120984  0.000888145
       0.12106  0.000837492
      0.121135  0.000791147
      0.121198  0.000755381
      0.121311  0.000696972
      0.121411   0.00065048
      0.121499  0.000613527
      0.121587  0.000579667
      0.121675  0.000548551
      0.121762  0.000519896
      0.121856  0.000491633
      0.121951  0.000465627
      0.122045  0.000441647
      0.122139  0.000419489
      0.122233  0.000398973
      0.122327   0.00037994
      0.122468  0.000353949
      0.122578  0.000335598
      0.122641  0.000325553
      0.122766  0.000307051
      0.122892  0.000290103
      0.123017  0.000274538
      0.123143  0.000260211
      0.123268  0.000246993
      0.123394  0.000234773
      0.123519  0.000223453
      0.123644  0.000212946
       0.12377  0.000203177
      0.123958  0.000189807
      0.124146  0.000177656
      0.124335  0.000166734
      0.124523  0.000156745
      0.124711  0.000147707
      0.124899  0.000139397
      0.125087  0.000131834
      0.125276  0.000124851
      0.125527  0.000116421
      0.125778  0.000108838
      0.126028  0.000101997
      0.126279   9.58039e-5
       0.12653   9.01799e-5
      0.126781   8.50569e-5
      0.127032   8.03771e-5
      0.127283   7.60907e-5
      0.127534   7.21549e-5
      0.127785   6.85324e-5
      0.128036   6.51907e-5
      0.128287   6.21015e-5
      0.128538    5.9241e-5
      0.128913   5.53387e-5
      0.129289   5.18337e-5
      0.129663   4.86853e-5
      0.130037    4.5837e-5
      0.130411   4.32515e-5
      0.130786   4.08977e-5
       0.13116   3.87485e-5
      0.131534    3.6781e-5
      0.131908   3.49752e-5
      0.132282   3.33139e-5
      0.132656   3.17821e-5
      0.133031   3.03666e-5
      0.133405   2.90561e-5
      0.133966   2.72742e-5
      0.134527   2.56587e-5
      0.135088   2.42189e-5
       0.13565    2.2905e-5
      0.136211   2.17253e-5
      0.136772    2.0643e-5
       0.13752   1.93525e-5
      0.138269   1.82059e-5
      0.139017   1.71828e-5
      0.139765   1.62665e-5
      0.140514   1.54427e-5
      0.141512   1.44707e-5
      0.142262   1.38152e-5
      0.143262   1.30377e-5
      0.144263   1.23506e-5
      0.145263   1.17412e-5
      0.146263   1.11985e-5
      0.147263   1.07135e-5
      0.148264   1.02789e-5
      0.149264   9.88827e-6
      0.150264   9.53636e-6
      0.151264   9.21862e-6
      0.152765   8.80082e-6
      0.154265   8.43446e-6
      0.155765   8.12215e-6
      0.157266   7.84724e-6
      0.159266   7.53881e-6
      0.161267   7.28358e-6
      0.163267    7.0731e-6
      0.165268   6.90068e-6
      0.167268   6.76101e-6
      0.169269   6.64983e-6
      0.171269   6.56372e-6
       0.17327   6.49991e-6
       0.17627   6.44339e-6
      0.179271   6.42206e-6
      0.183272   6.45072e-6
      0.186273   6.51093e-6
      0.189273   6.59777e-6
      0.193274   6.76059e-6
      0.197275   6.97441e-6
      0.201276   7.24063e-6
      0.205277   7.56235e-6
      0.208278   7.84492e-6
      0.211279   8.16032e-6
      0.214279   8.52033e-6
       0.21728   8.92008e-6
      0.220281   9.37504e-6
      0.223281   9.88011e-6
      0.225282   1.02538e-5
      0.227282   1.06586e-5
      0.229283   1.10975e-5
      0.231283   1.15741e-5
      0.233284   1.20924e-5
      0.235284   1.26572e-5
      0.237285   1.32737e-5
      0.239535   1.40416e-5
      0.241786   1.48846e-5
      0.243286   1.55023e-5
      0.244787   1.61673e-5
      0.246287   1.68843e-5
      0.247787   1.76591e-5
      0.249288   1.84978e-5
      0.250688   1.93449e-5
      0.252088   2.02609e-5
      0.253489   2.12535e-5
      0.254889   2.23318e-5
      0.256489   2.36823e-5
       0.25809   2.51759e-5
       0.25969   2.68341e-5
       0.26129   2.86822e-5
      0.262491   3.02183e-5
      0.263691   3.18799e-5
      0.264891    3.3715e-5
      0.266092   3.57099e-5
      0.267292    3.7928e-5
      0.268492   4.03536e-5
      0.269292   4.21234e-5
      0.270093   4.40226e-5
      0.270893   4.60641e-5
      0.271693   4.82628e-5
      0.272493   5.06356e-5
      0.273293   5.32015e-5
      0.274094   5.59824e-5
      0.274894   5.90033e-5
      0.275694   6.22929e-5
      0.276494   6.58844e-5
      0.277294   6.98163e-5
      0.278095   7.41334e-5
      0.278895   7.88881e-5
      0.279695   8.41418e-5
      0.280495   8.99661e-5
      0.281245   9.60538e-5
      0.281745  0.000100457
      0.282245  0.000105184
      0.282756  0.000110376
      0.283276  0.000116088
      0.283536  0.000119064
      0.284176  0.000127059
      0.284816  0.000135911
      0.285416  0.000145149
      0.285936  0.000153866
      0.286416  0.000162733
      0.286897  0.000172328
      0.287377  0.000182897
      0.287857  0.000194385
      0.288337  0.000207112
      0.288817  0.000221012
      0.289297  0.000236422
      0.289777  0.000253505
      0.290257  0.000272493
      0.290657  0.000289966
      0.291058  0.000309148
      0.291458  0.000330252
      0.291858  0.000353519
      0.292258  0.000379246
      0.292658  0.000407755
      0.293058  0.000439435
      0.293378  0.000467342
      0.293698  0.000497803
      0.294018  0.000531099
      0.294338  0.000567541
      0.294658  0.000607475
      0.294978  0.000651277
      0.295299  0.000699355
      0.295619  0.000752146
      0.295939  0.000810105
      0.296259  0.000873697
      0.296579  0.000943367
      0.296899   0.00101951
      0.297219   0.00110261
      0.297539   0.00119245
      0.297859   0.00128906
      0.298259   0.00141849
      0.298819   0.00161199
       0.29946   0.00183595
       0.29978   0.00194059
        0.3001   0.00203429
       0.30034    0.0020939
       0.30058   0.00214296
       0.30082   0.00217818
       0.30106   0.00219987
      0.301268   0.00220619
       0.30154   0.00219616
       0.30178   0.00217097
       0.30202   0.00213258
       0.30226   0.00208087
        0.3025   0.00201923
       0.30282    0.0019238
       0.30324    0.0017841
      0.304021   0.00151388
      0.304341   0.00140731
      0.304661   0.00130611
      0.304821   0.00125721
      0.305141   0.00116585
      0.305461    0.0010816
      0.305781   0.00100447
      0.306101  0.000934229
      0.306421  0.000870551
      0.306741  0.000813026
      0.307061  0.000761217
      0.307381  0.000714688
      0.307702  0.000673026
      0.308022  0.000635847
      0.308342  0.000602806
      0.308662  0.000573602
      0.308982  0.000547978
      0.309302  0.000525724
      0.309622   0.00050668
      0.309942  0.000490735
      0.310262  0.000477833
      0.310582  0.000467976
      0.310902  0.000461237
      0.311222   0.00045774
      0.311382  0.000457277
      0.311622  0.000458423
      0.311862  0.000461672
      0.312103  0.000467553
      0.312343  0.000476028
      0.312583  0.000487853
      0.312743  0.000497654
      0.312903  0.000509244
      0.313063  0.000522831
      0.313223  0.000538662
      0.313383  0.000557031
      0.313463  0.000567056
      0.313623  0.000589879
      0.313783  0.000616249
      0.313983  0.000654961
      0.314103  0.000681841
      0.314223  0.000711947
      0.314343  0.000745558
      0.314479  0.000788763
      0.314592  0.000829053
      0.314705  0.000874109
      0.314817  0.000924637
      0.314925  0.000978956
      0.315029     0.001037
      0.315125   0.00109706
      0.315213   0.00115847
      0.315302   0.00122713
      0.315392   0.00130422
      0.315482   0.00139014
      0.315572   0.00148621
       0.31564   0.00156583
      0.315708   0.00165273
      0.315775   0.00174774
      0.315843   0.00185182
       0.31591   0.00196605
      0.315978   0.00209168
      0.316046   0.00223013
      0.316113   0.00238297
      0.316181   0.00255197
      0.316248   0.00273915
      0.316316   0.00294678
      0.316383    0.0031774
      0.316451   0.00343386
      0.316519   0.00371926
      0.316586    0.0040369
      0.316654   0.00439011
      0.316699   0.00464676
      0.316766   0.00506626
      0.316834   0.00552899
      0.316902   0.00603606
      0.316969   0.00658651
      0.317037   0.00717652
      0.317277   0.00941049
      0.317345    0.0099822
       0.31739    0.0103227
      0.317435     0.010612
      0.317475     0.010818
      0.317514    0.0109718
      0.317554    0.0110683
      0.317597     0.011106
      0.317641    0.0110681
      0.317683    0.0109664
      0.317724    0.0108034
      0.317765    0.0105844
       0.31781    0.0102893
      0.317878   0.00975924
      0.317945   0.00916269
      0.318141   0.00733239
      0.318208   0.00673066
      0.318276   0.00616746
      0.318343   0.00564692
      0.318411   0.00517062
      0.318479   0.00473785
      0.318524   0.00447256
      0.318569   0.00422473
      0.318614   0.00399375
      0.318681   0.00367634
      0.318749   0.00339091
      0.318817   0.00313422
      0.318884   0.00290316
      0.318952   0.00269491
      0.319019   0.00250694
      0.319087   0.00233701
      0.319154   0.00218312
      0.319222   0.00204351
       0.31929    0.0019166
      0.319357   0.00180101
      0.319425   0.00169549
      0.319492   0.00159897
       0.31956    0.0015105
      0.319628   0.00142925
      0.319718   0.00133093
      0.319808   0.00124267
      0.319898   0.00116318
      0.319988   0.00109138
      0.320078   0.00102632
      0.320168  0.000967205
      0.320258  0.000913349
      0.320363  0.000856369
      0.320424  0.000826459
      0.320544  0.000771342
      0.320645  0.000729284
      0.320746  0.000691248
      0.320814  0.000667262
      0.320923  0.000631751
      0.321032  0.000599235
      0.321175  0.000560593
      0.321317   0.00052634
      0.321472  0.000492923
      0.321655  0.000457908
      0.321805  0.000432273
      0.321956  0.000409069
      0.322106  0.000387994
      0.322256  0.000368792
      0.322406  0.000351243
      0.322556  0.000335162
      0.322706  0.000320384
      0.322857  0.000306772
      0.323082  0.000288334
      0.323307  0.000271781
      0.323532  0.000257049
      0.323758  0.000243711
      0.323983  0.000231736
      0.324171  0.000222577
      0.324509  0.000207831
      0.324809  0.000196299
       0.32511  0.000186025
       0.32541   0.00017683
       0.32571  0.000168566
      0.326011   0.00016111
      0.326311  0.000154358
      0.326705  0.000146463
        0.3271  0.000139404
      0.327493    0.0001332
      0.327884   0.00012764
      0.328406  0.000121145
      0.328928  0.000115545
      0.329449  0.000110616
      0.329971  0.000106376
      0.330492  0.000102638
      0.331188    9.8427e-5
      0.331888   9.49267e-5
      0.332588   9.20774e-5
      0.333289   8.98069e-5
      0.333989   8.80622e-5
      0.334789   8.66621e-5
       0.33559   8.58596e-5
       0.33639   8.56355e-5
      0.337191   8.59869e-5
      0.337991   8.69275e-5
      0.338791   8.84875e-5
      0.339592   9.07136e-5
      0.340192   9.28829e-5
      0.340792   9.54666e-5
      0.341392   9.85987e-5
      0.341993  0.000102242
      0.342593  0.000106579
      0.343193  0.000111578
      0.343594  0.000115392
      0.343994  0.000119617
      0.344394  0.000124302
      0.344794  0.000129498
      0.345194   0.00013527
      0.345594  0.000141689
      0.345995   0.00014884
      0.346395  0.000156825
      0.346795  0.000165759
       0.34717  0.000175168
      0.347545  0.000185597
      0.347796  0.000193271
      0.348056   0.00020191
      0.348316  0.000211294
      0.348636  0.000223985
      0.348956  0.000238091
      0.349256  0.000252856
      0.349356  0.000258068
      0.349676  0.000276221
      0.349917  0.000291336
      0.350157  0.000307811
      0.350397  0.000325993
      0.350637  0.000345879
      0.350877  0.000367942
      0.351117  0.000392195
      0.351357  0.000419261
      0.351597  0.000449176
      0.351757   0.00047108
      0.351918  0.000494677
      0.352078  0.000520134
      0.352238  0.000547639
      0.352478  0.000593127
      0.352658   0.00063112
      0.352818  0.000667989
      0.352968  0.000705442
      0.353118  0.000746091
      0.353268  0.000790206
      0.353418  0.000838144
      0.353518  0.000872419
      0.353698  0.000939226
      0.353878   0.00101334
      0.354028   0.00108135
      0.354179   0.00115559
      0.354329   0.00123668
      0.354479   0.00132525
      0.354629   0.00142196
      0.354779   0.00152743
      0.354929   0.00164225
      0.355079   0.00176692
      0.355229   0.00190177
      0.355379   0.00204685
      0.355579    0.0022556
      0.355799   0.00250265
      0.356245   0.00302658
       0.35642   0.00322224
        0.3566   0.00340188
       0.35672   0.00350336
       0.35684   0.00358655
       0.35696   0.00364761
       0.35708   0.00368483
      0.357184   0.00369684
      0.357292    0.0036867
        0.3574   0.00365699
       0.35752       0.0036
       0.35764   0.00352106
       0.35776   0.00342247
       0.35788   0.00330828
       0.35806   0.00311502
      0.358401   0.00271599
      0.358641   0.00243485
      0.358801   0.00225609
      0.358961   0.00208711
      0.359121   0.00192921
      0.359281   0.00178297
      0.359441   0.00164838
      0.359601   0.00152509
      0.359761    0.0014125
      0.359921   0.00130991
      0.360081   0.00121653
      0.360241   0.00113157
      0.360402   0.00105428
      0.360562  0.000983925
      0.360722  0.000919836
      0.360882  0.000861396
      0.361042  0.000808042
      0.361202  0.000759269
      0.361362   0.00071462
      0.361522  0.000673685
      0.361682  0.000636099
      0.361842  0.000601536
      0.362002  0.000569702
      0.362162  0.000540339
      0.362322  0.000513212
      0.362482  0.000488115
      0.362643  0.000464861
      0.362803  0.000443285
      0.363043  0.000413832
      0.363283  0.000387204
      0.363523  0.000363362
      0.363763  0.000341691
      0.364003  0.000322175
      0.364243   0.00030435
      0.364483  0.000288215
      0.364724  0.000273429
      0.365044  0.000255697
      0.365344  0.000240878
      0.365604  0.000229324
      0.365764  0.000222504
      0.366084  0.000210191
      0.366344  0.000201107
      0.366604  0.000192765
       0.36698  0.000181937
      0.367355   0.00017222
      0.367605   0.00016637
      0.368005   0.00015788
      0.368405   0.00015034
      0.368805  0.000143638
      0.369206  0.000137675
      0.369606  0.000132369
      0.370006  0.000127648
      0.370406  0.000123453
      0.370806  0.000119731
      0.371348  0.000115399
      0.371529  0.000114077
      0.372161  0.000110118
      0.372794  0.000106965
      0.373494  0.000104316
      0.374194  0.000102471
      0.374894  0.000101371
      0.375594  0.000100974
      0.376294  0.000101258
      0.376995  0.000102219
      0.377695  0.000103866
      0.378395  0.000106222
      0.379052  0.000109149
      0.379708  0.000112726
      0.380146  0.000115561
      0.380601  0.000118904
      0.381056  0.000122675
      0.381616  0.000127977
      0.382176   0.00013407
      0.382701  0.000140632
      0.382876  0.000142965
      0.383436  0.000151252
      0.383857  0.000158278
      0.384277  0.000166005
      0.384697  0.000174645
      0.385117   0.00018416
      0.385537  0.000194831
      0.385957  0.000206616
      0.386377  0.000219889
      0.386657   0.00022956
      0.386937  0.000239994
      0.387217  0.000251264
      0.387498  0.000263452
      0.387778  0.000276649
      0.388058  0.000290958
      0.388338  0.000306493
      0.388618  0.000323382
      0.388758  0.000332237
      0.389038  0.000351418
      0.389318  0.000372347
      0.389598  0.000395214
      0.389878  0.000420234
      0.390158  0.000447646
      0.390438  0.000477719
      0.390718  0.000510746
      0.390998  0.000547055
      0.391279     0.000587
      0.391559  0.000630964
      0.391839  0.000679352
      0.392119   0.00073258
      0.392399   0.00079106
      0.392679  0.000855172
      0.392959  0.000925227
      0.393239   0.00100141
      0.393519    0.0010837
      0.393799    0.0011718
      0.394079     0.001265
       0.39499   0.00158251
       0.39527   0.00167427
       0.39562   0.00177481
       0.39583   0.00182439
       0.39604   0.00186298
       0.39625   0.00189015
       0.39639    0.0019008
      0.396572   0.00190591
      0.396751   0.00190044
       0.39695   0.00188269
       0.39716   0.00185142
       0.39737   0.00180918
       0.39758   0.00175656
       0.39793   0.00165234
       0.39821   0.00155889
      0.399121   0.00124156
      0.399401   0.00114945
      0.399681   0.00106265
      0.399961  0.000981736
      0.400241  0.000906938
      0.400521  0.000838214
      0.400801  0.000775345
      0.401081  0.000718001
      0.401361  0.000665792
      0.401641  0.000618306
      0.401921  0.000575131
      0.402202  0.000535867
      0.402482   0.00050014
      0.402762  0.000467603
      0.403042   0.00043794
      0.403322  0.000410861
      0.403602  0.000386108
      0.403882  0.000363447
      0.404162  0.000342671
      0.404442  0.000323594
      0.404722  0.000306049
      0.405002  0.000289888
      0.405282  0.000274979
      0.405562  0.000261204
      0.405843  0.000248458
      0.406123  0.000236647
      0.406403  0.000225686
      0.406683  0.000215501
      0.407103  0.000201588
      0.407523  0.000188959
      0.407943  0.000177654
      0.408363  0.000167342
      0.408783  0.000158061
      0.409203  0.000149561
      0.409624  0.000141874
      0.410044  0.000134933
      0.410324  0.000130461
      0.410849  0.000122987
      0.411304   0.00011717
      0.411584  0.000113733
      0.412144  0.000107569
      0.412599  0.000103045
      0.413054   9.89138e-5
      0.413492   9.52783e-5
      0.414149   9.04135e-5
      0.414805   8.61013e-5
      0.415505   8.21287e-5
      0.416205   7.87123e-5
      0.416905   7.58067e-5
      0.417606   7.33765e-5
      0.418306   7.13969e-5
      0.419006   6.98537e-5
      0.419706   6.87427e-5
      0.420406   6.80708e-5
      0.421107   6.78567e-5
      0.421894   6.82098e-5
      0.422507   6.89463e-5
      0.423032   6.99724e-5
      0.423557   7.13499e-5
      0.424082   7.32012e-5
      0.424608   7.55115e-5
      0.424958   7.73854e-5
      0.425308     7.955e-5
      0.425658   8.20414e-5
      0.426008   8.49031e-5
      0.426358   8.81868e-5
      0.426708   9.19546e-5
      0.427058    9.6282e-5
      0.427408   0.00010126
      0.427758  0.000106996
      0.428021  0.000111896
      0.428284  0.000117345
      0.428546  0.000123497
      0.428809  0.000130365
      0.429071  0.000138171
      0.429246  0.000143919
      0.429421  0.000150175
      0.429596  0.000156998
      0.429772  0.000164454
      0.429947  0.000172621
      0.430122  0.000181588
      0.430297  0.000191459
      0.430384  0.000196697
      0.430559  0.000208148
      0.430734  0.000220845
      0.430909  0.000234973
      0.431084   0.00025075
      0.431259    0.0002684
      0.431391  0.000283079
      0.431522  0.000299169
      0.431646  0.000315871
      0.431771  0.000334192
      0.431891  0.000353644
      0.432011   0.00037499
      0.432132  0.000398538
      0.432252  0.000424533
      0.432372  0.000453396
      0.432492  0.000485475
      0.432583   0.00051199
      0.432673  0.000540872
      0.432763  0.000572403
      0.432853  0.000606906
      0.432943   0.00064476
      0.433034   0.00068641
      0.433124  0.000732388
      0.433214  0.000783319
      0.433304  0.000839939
      0.433395   0.00090311
      0.433481  0.000970731
       0.43356   0.00103943
      0.433639   0.00111538
      0.433716   0.00119822
      0.433792   0.00128952
      0.433868   0.00139176
      0.433923   0.00147397
      0.433978   0.00156364
      0.434033   0.00166147
      0.434088   0.00176837
      0.434138   0.00187506
      0.434188    0.0019917
      0.434239   0.00211951
      0.434289   0.00225984
      0.434337   0.00240786
      0.434385   0.00257061
      0.434433   0.00275004
      0.434481    0.0029484
      0.434529   0.00316834
      0.434565    0.0033493
      0.434601   0.00354561
      0.434637   0.00375898
      0.434674    0.0039913
       0.43471   0.00424477
      0.434746   0.00452182
      0.434782   0.00482526
      0.434818   0.00515825
      0.434854   0.00552439
       0.43489   0.00592778
      0.434926   0.00637306
      0.434962   0.00686543
      0.434998   0.00741085
      0.435034   0.00801588
      0.435071   0.00868786
      0.435107   0.00943479
      0.435131   0.00997862
      0.435155    0.0105622
      0.435179    0.0111883
      0.435203    0.0118594
      0.435227    0.0125781
      0.435251    0.0133466
      0.435279    0.0143087
      0.435307    0.0153426
      0.435335    0.0164486
      0.435377    0.0182366
      0.435419    0.0201601
      0.435522    0.0250014
      0.435556    0.0265117
      0.435591    0.0278348
      0.435614    0.0285675
      0.435637    0.0291514
       0.43566    0.0295677
       0.43568    0.0297826
        0.4357    0.0298538
      0.435722    0.0297622
      0.435744    0.0294962
      0.435766    0.0290661
      0.435788    0.0284857
      0.435813    0.0276652
      0.435838    0.0267048
      0.435876     0.025079
      0.436001     0.019194
      0.436037     0.017591
      0.436073     0.016095
      0.436109    0.0147155
      0.436145    0.0134551
      0.436181    0.0123112
      0.436205    0.0116102
      0.436229     0.010956
      0.436253    0.0103459
      0.436277   0.00977719
      0.436313   0.00899606
       0.43635   0.00829347
      0.436386   0.00766108
      0.436422   0.00709132
      0.436458   0.00657725
      0.436494    0.0061127
       0.43653   0.00569216
      0.436566   0.00531076
      0.436602   0.00496415
      0.436638   0.00464856
      0.436674   0.00436064
       0.43671   0.00409745
      0.436746   0.00385639
      0.436783   0.00363517
      0.436819   0.00343179
      0.436855   0.00324445
      0.436903   0.00301694
      0.436951   0.00281193
      0.436999   0.00262665
      0.437047   0.00245872
      0.437095   0.00230611
      0.437143   0.00216706
      0.437196   0.00202996
      0.437248   0.00190535
        0.4373   0.00179187
      0.437352   0.00168834
       0.43741   0.00158304
      0.437468   0.00148692
      0.437526   0.00139913
      0.437584   0.00131905
       0.43766   0.00122534
      0.437735   0.00114131
      0.437785   0.00109021
      0.437875   0.00100646
      0.437935  0.000955808
      0.438026   0.00088677
      0.438116  0.000825068
      0.438206  0.000769702
      0.438296  0.000719826
      0.438386  0.000674733
      0.438477  0.000633831
      0.438567  0.000596623
      0.438657  0.000562686
      0.438747  0.000531656
      0.438837  0.000503213
      0.438928  0.000477077
      0.439048  0.000445388
      0.439168  0.000416876
      0.439288  0.000391137
      0.439409  0.000367818
      0.439529  0.000346631
      0.439649   0.00032732
       0.43979  0.000306877
       0.43987  0.000296136
       0.44003   0.00027636
      0.440191  0.000258605
      0.440351  0.000242629
      0.440491  0.000229932
      0.440632    0.0002183
      0.440772  0.000207612
      0.440912   0.00019777
      0.441063  0.000188064
      0.441213  0.000179134
      0.441363  0.000170901
      0.441514  0.000163295
      0.441739  0.000152957
      0.441965  0.000143659
      0.442115  0.000138017
      0.442316  0.000131083
      0.442516  0.000124748
      0.442717  0.000118949
      0.442917  0.000113628
      0.443118  0.000108736
      0.443418   0.00010213
      0.443719   9.62176e-5
       0.44402   9.09849e-5
       0.44432   8.62686e-5
      0.444621   8.20654e-5
      0.444922   7.82601e-5
      0.445323   7.37727e-5
      0.445724   6.98427e-5
      0.446125   6.63947e-5
      0.446526   6.33638e-5
      0.446927   6.06965e-5
      0.447328   5.83491e-5
      0.447729   5.62854e-5
      0.448129   5.44758e-5
       0.44853   5.28955e-5
      0.448931   5.15244e-5
      0.449332   5.03461e-5
      0.449733   4.93473e-5
      0.450134   4.85178e-5
      0.450535   4.78497e-5
      0.450936   4.73377e-5
      0.451337   4.69787e-5
      0.451909   4.67401e-5
       0.45208   4.67158e-5
      0.452593   4.68584e-5
      0.453106   4.72483e-5
      0.453534   4.78043e-5
      0.453962   4.85794e-5
      0.454464   4.97954e-5
       0.45484   5.09615e-5
      0.455217   5.23513e-5
      0.455593   5.40334e-5
       0.45597   5.60051e-5
      0.456346   5.83679e-5
      0.456597   6.01679e-5
      0.456848   6.21817e-5
      0.457099   6.44371e-5
       0.45735    6.6967e-5
      0.457475   6.83191e-5
      0.457726   7.13331e-5
      0.457977   7.47351e-5
      0.458228   7.85888e-5
      0.458479   8.29719e-5
       0.45873   8.79724e-5
      0.458918   9.22111e-5
      0.459106   9.69197e-5
      0.459295  0.000102205
      0.459483  0.000108112
      0.459671  0.000114804
      0.459797  0.000119741
      0.459922  0.000125121
      0.460079  0.000132517
       0.46022   0.00013998
      0.460361  0.000148273
      0.460502  0.000157565
      0.460644   0.00016798
      0.460738  0.000175661
      0.460869  0.000187563
      0.460968  0.000197475
      0.461095  0.000211678
      0.461189  0.000223419
       0.46129  0.000237258
       0.46139  0.000252664
      0.461491  0.000269828
      0.461566  0.000284054
      0.461641  0.000299664
      0.461716  0.000316788
      0.461792  0.000335627
      0.461867  0.000356424
      0.461942  0.000379459
      0.462018  0.000405072
      0.462093  0.000433662
      0.462168  0.000465716
      0.462218  0.000489292
      0.462268  0.000514868
      0.462319  0.000542677
      0.462369  0.000572988
      0.462419  0.000606111
      0.462469  0.000642404
      0.462519  0.000682284
       0.46257  0.000726239
      0.462619  0.000774043
      0.462668  0.000826066
      0.462716  0.000883589
      0.462765  0.000947822
      0.462802   0.00100167
       0.46284     0.001062
      0.462878    0.0011282
      0.462915   0.00120099
      0.462953   0.00128101
      0.462991    0.0013693
       0.46303   0.00146934
      0.463068   0.00158104
      0.463107   0.00170615
      0.463133   0.00179803
      0.463158   0.00189755
      0.463184   0.00200555
      0.463208   0.00211554
      0.463242   0.00228556
      0.463265    0.0024104
      0.463287   0.00254556
       0.46331   0.00269216
      0.463332   0.00285146
      0.463355   0.00302488
      0.463378   0.00321403
      0.463404   0.00345706
       0.46343   0.00372733
      0.463457   0.00402872
      0.463474   0.00424912
      0.463492   0.00448682
      0.463509   0.00474347
      0.463533    0.0051254
      0.463556   0.00552713
      0.463578   0.00597256
      0.463601   0.00646711
      0.463624   0.00701657
      0.463646   0.00762725
      0.463661   0.00807163
      0.463676   0.00854805
      0.463699   0.00932686
      0.463721    0.0101877
      0.463744    0.0111347
      0.463767     0.012184
       0.46379     0.013352
      0.463814    0.0146001
      0.463885    0.0185388
      0.463906    0.0196428
      0.463927      0.02062
      0.463941    0.0211721
      0.463955    0.0216254
       0.46397    0.0219657
      0.463984    0.0221819
         0.464    0.0222681
      0.464014    0.0222006
      0.464028    0.0220022
      0.464042    0.0216796
      0.464056    0.0212432
      0.464075    0.0205085
      0.464091    0.0197882
      0.464107    0.0189951
      0.464138     0.017279
      0.464185    0.0146442
      0.464208    0.0134099
      0.464231    0.0122838
      0.464253    0.0112417
      0.464276    0.0102871
      0.464299    0.0094188
      0.464321   0.00863305
      0.464336   0.00815228
      0.464359   0.00749119
      0.464381   0.00689633
      0.464404   0.00636112
      0.464427   0.00587946
      0.464442   0.00558524
      0.464459   0.00526666
      0.464477   0.00497253
      0.464494   0.00470067
      0.464512   0.00444917
       0.46453   0.00421621
      0.464556    0.0038981
      0.464582   0.00361333
      0.464602   0.00341611
      0.464622   0.00323421
      0.464642   0.00306615
      0.464673   0.00283727
      0.464703    0.0026329
      0.464733   0.00244981
      0.464755   0.00232481
       0.46478   0.00219694
      0.464806   0.00207952
      0.464831   0.00197147
      0.464856   0.00187186
      0.464893    0.0017365
      0.464931   0.00161589
      0.464969   0.00150723
      0.465007   0.00140953
      0.465045   0.00132182
      0.465083   0.00124256
      0.465121   0.00117065
       0.46516   0.00110494
      0.465199   0.00104436
      0.465238  0.000989282
      0.465277  0.000939105
      0.465329   0.00087903
       0.46538  0.000826302
       0.46543  0.000779905
      0.465481  0.000738193
      0.465531  0.000700596
      0.465581   0.00066663
      0.465631  0.000635879
      0.465681  0.000607987
      0.465757  0.000570851
      0.465832  0.000538599
      0.465907  0.000510526
      0.465986  0.000484904
      0.466073  0.000460744
       0.46616  0.000440264
      0.466249  0.000422202
       0.46634  0.000406787
      0.466431  0.000393965
      0.466529  0.000382706
      0.466627   0.00037392
      0.466692  0.000369185
      0.466792  0.000363742
      0.466893  0.000360288
      0.467018   0.00035853
      0.467121  0.000359327
      0.467224    0.0003619
      0.467343  0.000367161
      0.467444  0.000373517
      0.467544  0.000381703
      0.467644  0.000391809
      0.467744  0.000403957
      0.467844  0.000418302
      0.467945  0.000435045
      0.468045   0.00045443
      0.468095  0.000465126
      0.468208  0.000492174
      0.468292  0.000515424
      0.468368  0.000538691
      0.468463  0.000571554
      0.468539  0.000600961
      0.468623  0.000637746
      0.468708   0.00067903
      0.468791  0.000724668
      0.468874  0.000776015
      0.468929  0.000813996
      0.469007  0.000873274
      0.469082  0.000937956
      0.469132  0.000985638
      0.469182   0.00103742
      0.469232   0.00109376
      0.469282   0.00115516
      0.469332    0.0012222
      0.469382   0.00129553
      0.469432   0.00137592
      0.469483   0.00146423
      0.469533   0.00156144
      0.469583    0.0016687
      0.469633   0.00178732
      0.469683   0.00191881
      0.469733    0.0020649
      0.469783   0.00222738
      0.469821   0.00236121
      0.469858   0.00250701
      0.469896   0.00266587
      0.469933   0.00283898
      0.469971   0.00302771
      0.470008   0.00323368
      0.470046   0.00345878
      0.470084   0.00370475
      0.470121   0.00397348
      0.470159   0.00426687
      0.470196   0.00458688
      0.470234   0.00493521
      0.470271   0.00531332
      0.470309   0.00572211
      0.470347   0.00616167
      0.470397   0.00679345
      0.470459   0.00764498
      0.470572    0.0092378
      0.470621   0.00987975
      0.470656    0.0102817
      0.470691    0.0106197
      0.470726    0.0108779
      0.470761    0.0110432
      0.470784    0.0110973
        0.4708    0.0111073
      0.470832    0.0110615
      0.470864    0.0109297
      0.470896    0.0107179
      0.470928    0.0104352
       0.47096    0.0100931
      0.470994    0.0096721
      0.471042   0.00903076
      0.471161   0.00734827
      0.471211   0.00667744
      0.471261   0.00605303
      0.471298   0.00561933
      0.471336   0.00521642
      0.471374   0.00484401
      0.471411   0.00450108
      0.471449   0.00418611
      0.471486   0.00389733
      0.471524   0.00363283
      0.471561   0.00339067
      0.471599   0.00316895
      0.471637   0.00296587
      0.471674   0.00277976
      0.471712   0.00260905
      0.471749    0.0024523
      0.471787    0.0023082
      0.471824   0.00217558
      0.471862   0.00205336
      0.471912   0.00190492
      0.471962   0.00177124
      0.472012   0.00165055
      0.472062   0.00154132
      0.472113   0.00144222
      0.472163   0.00135211
      0.472213   0.00126997
      0.472263   0.00119493
      0.472313   0.00112623
      0.472363    0.0010632
      0.472413   0.00100524
      0.472463  0.000951856
      0.472513  0.000902579
      0.472588   0.00083551
      0.472664  0.000775637
      0.472739  0.000721995
      0.472796  0.000684611
      0.472861  0.000645809
      0.472927  0.000610293
      0.472992  0.000577547
      0.473072  0.000540387
      0.473145  0.000510208
      0.473217  0.000482532
      0.473289  0.000457208
      0.473361  0.000433876
      0.473433   0.00041247
      0.473505  0.000392486
      0.473605  0.000367114
      0.473706  0.000344199
      0.473806  0.000323434
      0.473906  0.000304559
      0.474006  0.000287351
      0.474106   0.00027162
      0.474206  0.000257201
      0.474307  0.000243951
      0.474407  0.000231749
      0.474507  0.000220484
      0.474657  0.000205162
      0.474808  0.000191436
      0.474958  0.000179148
      0.475108  0.000168051
      0.475258  0.000158041
      0.475409   0.00014894
      0.475559  0.000140673
      0.475709  0.000133112
       0.47586  0.000126263
       0.47601  0.000119874
       0.47621  0.000112186
      0.476411  0.000105276
      0.476611   9.90404e-5
      0.476786   9.40693e-5
      0.476962   8.95015e-5
      0.477137    8.5292e-5
      0.477312   8.14043e-5
        0.4775   7.75583e-5
      0.477688   7.40083e-5
      0.477876   7.07246e-5
      0.478158   6.62552e-5
       0.47844   6.22217e-5
      0.478721   5.86132e-5
      0.478963   5.58086e-5
      0.479111    5.4161e-5
      0.479408   5.11601e-5
      0.479778   4.78091e-5
      0.479898   4.68214e-5
      0.479907   4.67966e-5
      0.479919   4.69518e-5
      0.479926   4.73066e-5
      0.479931    4.7763e-5
      0.479935   4.84969e-5
      0.479939   4.93009e-5
      0.479942   5.03905e-5
      0.479946   5.18395e-5
      0.479948   5.30459e-5
       0.47995   5.44753e-5
      0.479953   5.61555e-5
      0.479955   5.81154e-5
      0.479957   6.03842e-5
      0.479959   6.29899e-5
      0.479962   6.59598e-5
      0.479964   6.93203e-5
      0.479966   7.30942e-5
      0.479969   7.72992e-5
      0.479971   8.19497e-5
      0.479973    8.7055e-5
      0.479976    9.2618e-5
      0.479978   9.86334e-5
       0.47998   0.00010509
      0.479984  0.000115559
      0.479987  0.000126882
      0.479991  0.000138918
      0.479997  0.000160114
      0.480007  0.000197904
      0.480012  0.000215571
      0.480017  0.000231887
      0.480022  0.000246453
      0.480026  0.000259018
      0.480031  0.000269501
      0.480036  0.000277946
      0.480041  0.000284526
      0.480046  0.000289479
      0.480053  0.000294033
       0.48006  0.000296842
      0.480066  0.000298471
      0.480079  0.000299819
      0.480106  0.000300198
      0.548067  0.000286397
      0.600076   0.00027734
      0.670863  0.000266409
          0.75  0.000255887
      0.890634  0.000246497
             1  0.000240196
       1.21684  0.000270754
           1.4  0.000295178
        1.7089  0.000320035
             2  0.000341357
       2.19016  0.000360184
        2.2139  0.000333045
       2.23763  0.000308052
       2.25731   0.00028899
       2.28231   0.00026668
       2.30345  0.000249337
       2.32721  0.000231347
       2.35198  0.000214154
        2.3793  0.000196851
           2.4  0.000184807
       2.48731  0.000171281
           2.5  0.000169423
       2.72313  0.000156822
          2.75  0.000155418
             3  0.000158699
          3.25  0.000175638
       3.40211  0.000183872
           3.5  0.000170647
       3.73787  0.000158119
          3.75  0.000157518
       4.03022  0.000156718
           4.1  0.000155596
       4.19292  0.000156722
       4.21229  0.000155201
       4.23719  0.000154854
           4.3  0.000149389
           4.5  0.000141608
       4.63363  0.000139583
           4.7  0.000139166
             5  0.000132653
       5.12188  0.000124602
       5.23633  0.000117644
       5.37976  0.000109661
       5.50848  0.000103121
       5.67819   9.52971e-5
       5.81779   8.94643e-5
       5.93727   8.48579e-5
       6.07321   8.00067e-5
       6.22232   7.51163e-5
       6.40609   6.96407e-5
           6.5   6.70547e-5
       6.69154   6.30184e-5
       6.86376   5.96866e-5
       7.08669   5.57448e-5
       7.27882   5.26465e-5
       7.49893   4.93984e-5
       7.74215   4.61403e-5
       7.96779   4.33922e-5
       8.25784   4.01302e-5
       8.40596   3.83955e-5
       8.67237   3.55629e-5
       8.90183   3.33533e-5
       9.16451   3.10539e-5
       9.44353   2.88485e-5
       9.70661   2.69796e-5
       9.93903   2.54472e-5
            10   2.50637e-5
       10.1411   2.38089e-5
       10.2057   2.32339e-5
       10.3497   2.20616e-5
       10.3812   2.18055e-5
       10.5276   2.07102e-5
       10.5801   2.03179e-5
       10.7293   1.92988e-5
       10.7892   1.88901e-5
       10.9414   1.79465e-5
       11.0221   1.74466e-5
       11.1776   1.65641e-5
          11.2   1.64368e-5
       11.3548   1.52483e-5
        11.492   1.42791e-5
       11.6541   1.32298e-5
       11.6669    1.3147e-5
       11.8154   1.22687e-5
       11.9821   1.13643e-5
        11.983   1.13596e-5
        12.152   1.05233e-5
       12.1582   1.04925e-5
       12.2792   9.93963e-6
        12.426   9.31445e-6
          12.5   9.01677e-6
       12.6307   8.30193e-6
       12.7519   7.69599e-6
       12.8616   7.18964e-6
       12.9632   6.75439e-6
       13.0885   6.25781e-6
       13.1991   5.85334e-6
       13.3424   5.37234e-6
       13.4229   5.12186e-6
       13.5649   4.71129e-6
       13.7129   4.32232e-6
       13.8148    4.0757e-6
        13.938   3.79826e-6
            14    3.6667e-6
       14.1213   3.39865e-6
       14.2282   3.18022e-6
       14.3639   2.92531e-6
       14.4785   2.72773e-6
       14.6071   2.52337e-6
        14.741   2.32865e-6
        14.833   2.20457e-6
       14.9441   2.06437e-6
       15.0606   1.92658e-6
        15.175   1.80006e-6
        15.323   1.64979e-6
       15.4425    1.5386e-6
       15.5432   1.45132e-6
       15.6562   1.35994e-6
       15.7781    1.2684e-6
       15.9257   1.16666e-6
            16   1.11889e-6
       16.1182   1.04904e-6
       16.2824   9.59949e-7
       16.4346   8.84872e-7
       16.5724    8.2247e-7
       16.6999   7.69091e-7
       16.8571   7.08504e-7
       16.9959   6.59418e-7
       17.1183   6.19266e-7
       17.2735   5.72216e-7
       17.4045   5.35596e-7
       17.5515   4.97566e-7
       17.7104   4.59812e-7
       17.8546   4.28288e-7
            18   3.98926e-7
       18.1189   3.73564e-7
       18.2311   3.51253e-7
       18.3868   3.22697e-7
       18.5307   2.98541e-7
        18.661   2.78395e-7
       18.7813   2.61107e-7
       18.9295    2.4142e-7
       19.0601   2.25415e-7
        19.229    2.0642e-7
       19.3654   1.92376e-7
       19.4802   1.81359e-7
       19.6089   1.69832e-7
       19.7477   1.58292e-7
       19.9155   1.45475e-7
            20   1.39461e-7
//
#-------------------------------------------------------------------------------
