#rp054129.L02         Number of runs:     60
# E(MeV)      xs(mb)     xslow(mb)      xsupp(mb)
 1.00000E-11 0.00000E+00 0.00000E+00 0.00000E+00
 2.53000E-08 0.00000E+00 0.00000E+00 0.00000E+00
 1.00000E-06 0.00000E+00 0.00000E+00 0.00000E+00
 7.60000E-06 0.00000E+00 0.00000E+00 0.00000E+00
 1.00000E-05 0.00000E+00 0.00000E+00 0.00000E+00
 3.80000E-05 0.00000E+00 0.00000E+00 0.00000E+00
 1.00000E-04 0.00000E+00 0.00000E+00 0.00000E+00
 2.00000E-04 0.00000E+00 0.00000E+00 0.00000E+00
 3.00000E-04 0.00000E+00 0.00000E+00 0.00000E+00
 6.00000E-04 0.00000E+00 0.00000E+00 0.00000E+00
 1.00000E-03 0.00000E+00 0.00000E+00 0.00000E+00
 2.00000E-03 0.00000E+00 0.00000E+00 0.00000E+00
 3.00000E-03 0.00000E+00 0.00000E+00 0.00000E+00
 6.00000E-03 0.00000E+00 0.00000E+00 0.00000E+00
 1.00000E-02 0.00000E+00 0.00000E+00 0.00000E+00
 2.00000E-02 0.00000E+00 0.00000E+00 0.00000E+00
 3.00000E-02 0.00000E+00 0.00000E+00 0.00000E+00
 6.00000E-02 0.00000E+00 0.00000E+00 0.00000E+00
 1.00000E-01 0.00000E+00 0.00000E+00 0.00000E+00
 2.00000E-01 0.00000E+00 0.00000E+00 0.00000E+00
 3.00000E-01 4.08883E+00 2.29489E+00 5.88277E+00
 4.00000E-01 1.67886E+01 1.17516E+01 2.18255E+01
 5.00000E-01 2.62070E+01 1.77433E+01 3.46707E+01
 6.00000E-01 2.95950E+01 1.88358E+01 4.03542E+01
 7.00000E-01 3.15303E+01 2.17715E+01 4.12891E+01
 8.00000E-01 3.51587E+01 2.50274E+01 4.52899E+01
 9.00000E-01 3.82092E+01 2.86780E+01 4.77403E+01
 1.00000E+00 4.37144E+01 3.31314E+01 5.42974E+01
 1.20000E+00 6.47972E+01 4.84880E+01 8.11064E+01
 1.40000E+00 9.26108E+01 6.58501E+01 1.19371E+02
 1.60000E+00 1.24619E+02 8.62252E+01 1.63013E+02
 1.80000E+00 1.57966E+02 1.09365E+02 2.06567E+02
 2.00000E+00 1.91505E+02 1.36356E+02 2.46653E+02
 2.20000E+00 2.24475E+02 1.67621E+02 2.81329E+02
 2.40000E+00 2.56329E+02 2.01928E+02 3.10730E+02
 2.60000E+00 2.87162E+02 2.37669E+02 3.36655E+02
 2.80000E+00 3.16768E+02 2.72369E+02 3.61167E+02
 3.00000E+00 3.45068E+02 3.04203E+02 3.85934E+02
 3.20000E+00 3.71676E+02 3.31881E+02 4.11472E+02
 3.40000E+00 3.96465E+02 3.55859E+02 4.37071E+02
 3.60000E+00 4.19108E+02 3.76948E+02 4.61269E+02
 3.80000E+00 4.39730E+02 3.96168E+02 4.83292E+02
 4.00000E+00 4.58323E+02 4.13963E+02 5.02682E+02
 4.20000E+00 4.75099E+02 4.30654E+02 5.19544E+02
 4.40000E+00 4.90413E+02 4.46494E+02 5.34333E+02
 4.60000E+00 5.04479E+02 4.61561E+02 5.47398E+02
 4.80000E+00 5.17732E+02 4.76051E+02 5.59412E+02
 5.00000E+00 5.30487E+02 4.90064E+02 5.70910E+02
 5.20000E+00 5.42957E+02 5.03520E+02 5.82394E+02
 5.40000E+00 5.55439E+02 5.16483E+02 5.94395E+02
 5.60000E+00 5.68073E+02 5.28918E+02 6.07229E+02
 5.80000E+00 5.80986E+02 5.40916E+02 6.21056E+02
 6.00000E+00 5.94260E+02 5.52663E+02 6.35857E+02
 6.20000E+00 6.07847E+02 5.64324E+02 6.51371E+02
 6.40000E+00 6.21753E+02 5.76206E+02 6.67300E+02
 6.60000E+00 6.35830E+02 5.88340E+02 6.83320E+02
 6.80000E+00 6.50089E+02 6.00927E+02 6.99251E+02
 7.00000E+00 6.64333E+02 6.13927E+02 7.14739E+02
 7.20000E+00 6.78132E+02 6.26975E+02 7.29290E+02
 7.40000E+00 6.91043E+02 6.39603E+02 7.42483E+02
 7.60000E+00 7.01060E+02 6.49771E+02 7.52349E+02
 7.80000E+00 7.07265E+02 6.56309E+02 7.58221E+02
 8.00000E+00 7.10204E+02 6.59696E+02 7.60713E+02
 8.50000E+00 6.92301E+02 6.41514E+02 7.43088E+02
 9.00000E+00 6.48058E+02 5.92805E+02 7.03311E+02
 9.50000E+00 5.88043E+02 5.25634E+02 6.50452E+02
 1.00000E+01 5.20569E+02 4.50795E+02 5.90344E+02
 1.05000E+01 4.53771E+02 3.79886E+02 5.27657E+02
 1.10000E+01 3.91516E+02 3.17598E+02 4.65435E+02
 1.15000E+01 3.36646E+02 2.65620E+02 4.07672E+02
 1.20000E+01 2.90125E+02 2.23181E+02 3.57068E+02
 1.25000E+01 2.51924E+02 1.89109E+02 3.14740E+02
 1.30000E+01 2.21288E+02 1.62060E+02 2.80516E+02
 1.35000E+01 1.96784E+02 1.40512E+02 2.53055E+02
 1.40000E+01 1.77468E+02 1.23738E+02 2.31198E+02
 1.45000E+01 1.62854E+02 1.11176E+02 2.14532E+02
 1.50000E+01 1.51476E+02 1.01595E+02 2.01357E+02
 1.60000E+01 1.35835E+02 8.88354E+01 1.82835E+02
 1.70000E+01 1.26097E+02 8.14758E+01 1.70718E+02
 1.80000E+01 1.19718E+02 7.69252E+01 1.62511E+02
 1.90000E+01 1.14998E+02 7.37453E+01 1.56251E+02
 2.00000E+01 1.12367E+02 7.22215E+01 1.52513E+02
 2.10000E+01 1.08938E+02 7.02085E+01 1.47667E+02
 2.20000E+01 1.05991E+02 6.85863E+01 1.43395E+02
 2.30000E+01 1.02584E+02 6.67798E+01 1.38388E+02
 2.40000E+01 9.97560E+01 6.54577E+01 1.34054E+02
 2.50000E+01 9.70826E+01 6.43376E+01 1.29828E+02
 2.60000E+01 9.47373E+01 6.34105E+01 1.26064E+02
 2.70000E+01 9.26223E+01 6.25956E+01 1.22649E+02
 2.80000E+01 9.07079E+01 6.18276E+01 1.19588E+02
 2.90000E+01 8.86092E+01 6.08576E+01 1.16361E+02
 3.00000E+01 8.63633E+01 5.96437E+01 1.13083E+02
 3.20000E+01 8.06132E+01 5.56726E+01 1.05554E+02
 3.40000E+01 7.48851E+01 5.17167E+01 9.80535E+01
 3.60000E+01 6.95990E+01 4.80660E+01 9.11319E+01
 3.80000E+01 6.54589E+01 4.52068E+01 8.57109E+01
 4.00000E+01 6.09597E+01 4.20996E+01 7.98198E+01
 4.20000E+01 5.53257E+01 3.82087E+01 7.24426E+01
 4.40000E+01 5.22480E+01 3.60832E+01 6.84128E+01
 4.60000E+01 4.98717E+01 3.44421E+01 6.53014E+01
 4.80000E+01 4.87417E+01 3.36617E+01 6.38217E+01
 5.00000E+01 4.78594E+01 3.30524E+01 6.26664E+01
 5.20000E+01 4.55203E+01 3.14370E+01 5.96037E+01
 5.40000E+01 4.30744E+01 2.97478E+01 5.64010E+01
 5.60000E+01 4.07328E+01 2.81306E+01 5.33349E+01
 5.80000E+01 3.85936E+01 2.66533E+01 5.05340E+01
 6.00000E+01 3.66590E+01 2.53173E+01 4.80008E+01
 6.50000E+01 3.33359E+01 2.30222E+01 4.36495E+01
 7.00000E+01 2.86741E+01 1.98028E+01 3.75455E+01
 7.50000E+01 2.67819E+01 1.84959E+01 3.50678E+01
 8.00000E+01 2.30796E+01 1.59391E+01 3.02202E+01
 9.00000E+01 1.86961E+01 1.29118E+01 2.44804E+01
 1.00000E+02 1.53214E+01 1.05812E+01 2.00617E+01
 1.10000E+02 1.27482E+01 8.80408E+00 1.66923E+01
 1.20000E+02 1.05928E+01 7.31554E+00 1.38701E+01
 1.30000E+02 8.91785E+00 6.15879E+00 1.16769E+01
 1.40000E+02 7.59531E+00 5.24542E+00 9.94519E+00
 1.50000E+02 6.51869E+00 4.50190E+00 8.53549E+00
 1.60000E+02 5.70678E+00 3.94118E+00 7.47238E+00
 1.80000E+02 4.44315E+00 3.06850E+00 5.81780E+00
 2.00000E+02 3.61818E+00 2.49877E+00 4.73759E+00
