#ZVView-data-copy:  31-Jul-2018 05:05:00
#=======================================
#
#name:   ENDF/B-VIII.0: XE-126(N,G)XE-127
#X.axis: Incident Energy
#Y.axis: Cross Section
#wdata:  2
#ldata:  1974
#data...
#            X            Y
          MeV        barns
         1e-11      174.978
   1.10304e-11      166.605
   1.21669e-11      158.633
   1.34206e-11      151.042
   1.48034e-11      143.814
   1.63287e-11      136.933
   1.80111e-11       130.38
   1.98669e-11      124.142
   2.19139e-11      118.201
   2.41719e-11      112.545
   2.66625e-11       107.16
   2.94097e-11      102.032
     3.244e-11        97.15
   3.57825e-11      92.5013
   3.94694e-11      88.0751
   4.35362e-11      83.8606
   4.80221e-11      79.8478
   5.29701e-11      76.0271
    5.8428e-11      72.3892
   6.44483e-11      68.9253
   7.10888e-11      65.6272
   7.84136e-11      62.4869
   8.64931e-11      59.4969
   9.54051e-11        56.65
   1.05235e-10      53.9393
   1.16078e-10      51.3583
   1.28039e-10      48.9008
   1.41231e-10      46.5609
   1.55784e-10       44.333
   1.71835e-10      42.2117
    1.8954e-10      40.1919
    2.0907e-10      38.2687
   2.30612e-10      36.4376
   2.54374e-10      34.6941
   2.80584e-10       33.034
   3.09494e-10      31.4534
   3.41383e-10      29.9484
   3.76558e-10      28.5154
   4.15358e-10       27.151
   4.58155e-10      25.8519
   5.05362e-10       24.615
   5.57433e-10      23.4373
   6.14869e-10      22.3159
   6.78223e-10      21.2482
   7.48105e-10      20.2315
   8.25188e-10      19.2636
   9.10213e-10      18.3419
      1.004e-9      17.4644
    1.10745e-9      16.6289
    1.22155e-9      15.8333
    1.34742e-9      15.0758
    1.48625e-9      14.3546
    1.63939e-9      13.6679
    1.80831e-9      13.0141
    1.99463e-9      12.3916
    2.20016e-9      11.7988
    2.42685e-9      11.2345
    2.67691e-9      10.6971
    2.95273e-9      10.1855
    3.25697e-9      9.69837
    3.59256e-9      9.23457
    3.96272e-9      8.79299
    4.37103e-9      8.37258
    4.82141e-9      7.97233
    5.31819e-9      7.59131
    5.86616e-9      7.22863
    6.47059e-9      6.88341
     7.1373e-9       6.5548
    7.87271e-9      6.24195
    8.68389e-9        5.944
    9.57865e-9      5.66017
    1.05656e-8      5.38978
    1.16543e-8      5.13226
    1.28551e-8      4.88714
    1.41796e-8      4.65392
    1.56406e-8      4.43198
    1.72522e-8      4.22067
    1.90298e-8      4.01936
    2.09906e-8      3.82763
    2.31534e-8      3.64521
    2.52419e-8      3.49194
       2.53e-8      3.48794
    2.79068e-8      3.32192
    3.07823e-8      3.16368
     3.3954e-8      3.01294
    3.74525e-8      2.86946
    4.13115e-8      2.73294
    4.55681e-8      2.60311
    5.02633e-8       2.4798
    5.54423e-8      2.36252
    6.11549e-8      2.25061
    6.74561e-8      2.14403
    7.44066e-8      2.04261
    8.20732e-8      1.94608
    9.05297e-8      1.85425
    9.98577e-8      1.76691
    1.10147e-7      1.68402
    1.22353e-7      1.59994
    1.35905e-7      1.51986
    1.49908e-7      1.44884
    1.65354e-7      1.38136
    1.82392e-7      1.31723
    2.01185e-7      1.25631
    2.21915e-7      1.19848
    2.46507e-7       1.1401
    2.71906e-7      1.08804
    2.99923e-7      1.03861
    3.33143e-7     0.988503
    3.70061e-7     0.941162
     4.1105e-7     0.896505
    4.53404e-7     0.857404
    5.03649e-7     0.817567
    5.55544e-7     0.782447
    6.12785e-7       0.7493
    6.80659e-7     0.715883
    7.56088e-7     0.684625
    8.39835e-7     0.655429
    9.26369e-7     0.630142
    1.03624e-6     0.603275
    1.14301e-6      0.58154
    1.26078e-6     0.561492
    1.40049e-6     0.541928
    1.55562e-6     0.524506
    1.72801e-6     0.509244
    1.97395e-6     0.493311
    2.17734e-6     0.484229
    2.40169e-6     0.477637
    2.63072e-6     0.474355
    2.78235e-6      0.47356
    3.04962e-6     0.475498
    3.31704e-6     0.480948
    3.55772e-6     0.488954
    3.81587e-6     0.500731
    4.03581e-6     0.513694
    4.26843e-6     0.530673
    4.51445e-6     0.552282
    4.74145e-6     0.576411
    4.94497e-6     0.601832
    5.15723e-6     0.632753
    5.34093e-6     0.663715
    5.53144e-6     0.700627
    5.68862e-6     0.735343
    5.85026e-6     0.775711
     6.0165e-6     0.822958
    6.14412e-6     0.863799
    6.27476e-6     0.910344
    6.40785e-6      0.96343
     6.5441e-6      1.02463
    6.68291e-6      1.09532
    6.77719e-6       1.1489
    6.87281e-6       1.2085
    6.96977e-6      1.27506
     7.0681e-6      1.34973
    7.16782e-6      1.43389
    7.26894e-6      1.52926
    7.34586e-6      1.60954
    7.42349e-6      1.69828
    7.50186e-6      1.79646
    7.58096e-6      1.90566
    7.66118e-6      2.02886
    7.74214e-6      2.16756
    7.82387e-6      2.32438
    7.87887e-6      2.44081
    7.93426e-6      2.56811
    7.99003e-6       2.7077
    8.04619e-6      2.86125
    8.10275e-6      3.03072
    8.15971e-6      3.21845
    8.21707e-6      3.42719
    8.27483e-6       3.6603
      8.333e-6      3.92179
    8.37683e-6      4.13911
    8.42107e-6      4.37855
    8.46531e-6      4.64071
    8.50996e-6      4.93133
    8.55483e-6      5.25303
    8.59969e-6      5.60871
    8.64519e-6       6.0096
    8.69069e-6      6.45768
     8.7364e-6      6.96317
    8.76716e-6      7.33908
    8.79792e-6      7.74761
    8.82868e-6      8.19266
    8.85965e-6      8.68231
    8.89085e-6      9.22287
    8.92204e-6      9.81745
    8.95323e-6      10.4735
    8.98465e-6      11.2054
    9.01628e-6      12.0255
       9.04e-6       12.703
    9.06373e-6      13.4412
    9.08745e-6      14.2477
     9.1114e-6      15.1399
    9.13546e-6      16.1257
    9.15952e-6      17.2138
    9.18358e-6      18.4188
    9.20764e-6      19.7586
    9.23168e-6      21.2528
    9.25567e-6      22.9248
    9.27167e-6      24.1547
    9.28766e-6       25.489
    9.30366e-6      26.9399
    9.31965e-6      28.5217
    9.33565e-6      30.2508
    9.35164e-6      32.1464
    9.36461e-6      33.8217
    9.37759e-6      35.6352
    9.39056e-6      37.6031
    9.40353e-6      39.7438
    9.41651e-6      42.0785
    9.42948e-6      44.6322
    9.44245e-6      47.4337
    9.45543e-6      50.5171
    9.46604e-6      53.2772
    9.47665e-6      56.2785
    9.48727e-6      59.5507
    9.49788e-6      63.1285
     9.5085e-6      67.0526
    9.51911e-6       71.371
    9.52973e-6      76.1405
    9.54034e-6      81.4293
     9.5486e-6      85.9537
    9.55685e-6       90.887
    9.56511e-6      96.2826
    9.57336e-6      102.203
    9.58162e-6      108.722
    9.58987e-6      115.927
    9.59813e-6       123.92
    9.60638e-6      132.826
    9.61346e-6      141.294
    9.62054e-6      150.648
    9.62761e-6      161.011
    9.63469e-6      172.528
    9.64177e-6      185.367
    9.64707e-6      195.978
    9.65238e-6      207.529
    9.65769e-6      220.121
      9.663e-6      233.861
    9.66866e-6      249.919
    9.67432e-6      267.574
    9.67998e-6      286.996
    9.68564e-6      308.363
     9.6913e-6      331.865
    9.69555e-6      351.011
    9.70026e-6      373.928
    9.70498e-6      398.689
     9.7097e-6      425.414
    9.71442e-6      454.219
    9.71913e-6      485.217
    9.72385e-6      518.515
    9.72857e-6      554.209
    9.73329e-6      592.384
      9.738e-6      633.108
    9.74272e-6      676.432
     9.7498e-6      746.344
    9.75687e-6      822.137
    9.76395e-6      903.628
    9.77103e-6      990.452
    9.78046e-6       1113.5
    9.79225e-6      1276.14
    9.81584e-6      1608.82
    9.82528e-6      1734.15
    9.83471e-6      1848.63
    9.84179e-6      1924.76
    9.84792e-6       1982.5
    9.85547e-6      2041.51
     9.8616e-6      2078.62
    9.86868e-6       2108.4
    9.87575e-6      2123.54
    9.87901e-6      2125.46
    9.88514e-6      2120.41
    9.89179e-6      2102.25
    9.89887e-6      2068.91
    9.90548e-6      2025.48
    9.91208e-6       1971.1
    9.91915e-6      1901.98
    9.92623e-6       1823.2
    9.93567e-6      1706.17
     9.9451e-6       1579.4
    9.97341e-6       1182.2
    9.98284e-6       1055.9
    9.98992e-6      965.933
    9.99699e-6      880.853
    1.00041e-5       801.16
    1.00111e-5      727.162
    1.00182e-5      658.992
    1.00229e-5      616.783
    1.00277e-5      577.126
    1.00324e-5      539.964
    1.00371e-5      505.225
    1.00418e-5      472.821
    1.00465e-5      442.655
    1.00512e-5       414.62
     1.0056e-5      388.605
    1.00607e-5      364.494
    1.00666e-5      336.857
    1.00719e-5      314.186
    1.00772e-5      293.436
    1.00825e-5      274.448
    1.00878e-5      257.077
     1.0093e-5      241.519
    1.00979e-5      227.871
    1.01029e-5      215.294
    1.01079e-5      203.698
    1.01145e-5      189.612
    1.01211e-5       176.93
    1.01277e-5      165.487
    1.01343e-5      155.137
    1.01409e-5      145.753
    1.01483e-5       136.21
    1.01524e-5      131.324
    1.01607e-5      122.338
    1.01689e-5       114.28
    1.01772e-5      107.027
    1.01855e-5      100.471
    1.01937e-5       94.524
     1.0202e-5      89.1105
    1.02102e-5      84.1665
    1.02197e-5      79.0211
    1.02291e-5      74.3488
    1.02385e-5      70.0912
     1.0248e-5      66.1994
    1.02574e-5      62.6311
    1.02668e-5      59.3507
    1.02763e-5       56.327
    1.02857e-5      53.5335
    1.02975e-5      50.3298
    1.03093e-5      47.4103
    1.03211e-5      44.7416
    1.03329e-5      42.2955
    1.03447e-5      40.0473
    1.03565e-5      37.9759
    1.03683e-5      36.0631
    1.03801e-5      34.2927
    1.03942e-5      32.3367
    1.04084e-5      30.5448
    1.04225e-5      28.8988
    1.04367e-5      27.3831
    1.04508e-5      25.9842
     1.0472e-5      24.0793
    1.04933e-5      22.3772
     1.0511e-5      21.0933
    1.05287e-5      19.9171
    1.05463e-5      18.8369
     1.0564e-5      17.8424
    1.05817e-5      16.9246
    1.06083e-5      15.6753
    1.06348e-5      14.5592
    1.06629e-5      13.5011
    1.06911e-5      12.5541
    1.07192e-5      11.7032
    1.07473e-5      10.9358
    1.07755e-5      10.2413
    1.08039e-5      9.60521
    1.08324e-5      9.02386
    1.08609e-5      8.49361
    1.08894e-5      8.00864
     1.0918e-5      7.56395
    1.09466e-5      7.15334
    1.09756e-5       6.7718
    1.10141e-5      6.30867
    1.10527e-5      5.89136
    1.10913e-5      5.51407
    1.11304e-5      5.16734
    1.11695e-5       4.8524
    1.12087e-5      4.56547
    1.12478e-5       4.3032
    1.12874e-5      4.05948
    1.13271e-5      3.83571
    1.13668e-5      3.62983
    1.14065e-5      3.44004
    1.14467e-5      3.26236
     1.1507e-5      3.02056
    1.15674e-5      2.80468
    1.16286e-5      2.60857
    1.16898e-5      2.43237
    1.17513e-5      2.27275
    1.18133e-5      2.12711
    1.18754e-5      1.99508
     1.1938e-5      1.87395
     1.2001e-5       1.7631
    1.20639e-5      1.66186
    1.21277e-5      1.56792
    1.21916e-5      1.48179
    1.22341e-5      1.42829
    1.23204e-5      1.32842
    1.24067e-5      1.23881
    1.24942e-5      1.15715
    1.25817e-5      1.08352
    1.26705e-5       1.0158
    1.27593e-5      0.95428
    1.28493e-5     0.897546
    1.29393e-5     0.845846
    1.30305e-5     0.797968
    1.31218e-5      0.75416
    1.32144e-5     0.713432
    1.33069e-5     0.676028
    1.34008e-5     0.641131
    1.34947e-5     0.608973
    1.35899e-5     0.578875
    1.37333e-5     0.537746
    1.38781e-5     0.500731
     1.4025e-5     0.467165
    1.41732e-5     0.436787
    1.43228e-5     0.409216
    1.44738e-5     0.384128
     1.4627e-5     0.361139
    1.47816e-5     0.340126
    1.49376e-5     0.320876
    1.50951e-5     0.303204
    1.52548e-5     0.286881
    1.54161e-5     0.271914
    1.55241e-5     0.262568
    1.57431e-5     0.245169
    1.59652e-5     0.229438
    1.61904e-5     0.215207
    1.64188e-5     0.202234
    1.66505e-5     0.190406
    1.68854e-5     0.179599
    1.71236e-5     0.169703
    1.73652e-5      0.16062
    1.76102e-5     0.152266
    1.78586e-5     0.144567
    1.81106e-5     0.137458
    1.83661e-5     0.130882
    1.86252e-5     0.124789
     1.8888e-5     0.119133
    1.92896e-5      0.11137
    1.96987e-5     0.104401
    2.01176e-5    0.0980984
    2.05443e-5    0.0924301
    2.09811e-5    0.0872312
    2.14261e-5    0.0825007
    2.18817e-5    0.0781637
    2.23459e-5    0.0741956
     2.2821e-5     0.070538
    2.34694e-5    0.0661114
    2.39673e-5    0.0630858
    2.44768e-5    0.0602725
    2.51724e-5    0.0568233
    2.58877e-5    0.0536942
    2.66233e-5     0.050827
    2.73798e-5     0.048198
    2.81578e-5    0.0458057
    2.89579e-5    0.0435602
    2.97808e-5    0.0414832
    3.08415e-5     0.039108
    3.17179e-5    0.0373429
    3.26192e-5    0.0356939
    3.37827e-5      0.03378
     3.4986e-5    0.0320013
     3.6234e-5    0.0303548
    3.75246e-5     0.028823
    3.91353e-5    0.0271143
    4.05313e-5    0.0258068
     4.1683e-5    0.0247897
    4.34722e-5    0.0233737
    4.53382e-5    0.0220561
    4.72843e-5    0.0208265
    4.89686e-5    0.0198588
    5.10705e-5    0.0187695
    5.28922e-5    0.0179095
    5.51626e-5    0.0169362
    5.75304e-5    0.0160166
    6.04202e-5    0.0150195
    6.30137e-5    0.0142129
    6.57185e-5    0.0134586
    6.85394e-5    0.0127435
    7.09842e-5    0.0121866
    7.45498e-5    0.0114443
    7.77498e-5    0.0108517
    8.10871e-5    0.0102943
    8.45678e-5   0.00976968
      8.882e-5    0.0091998
    9.32814e-5   0.00867414
    9.72854e-5   0.00826279
    0.00010005   0.00799635
   0.000105081   0.00757019
   0.000109591   0.00723662
   0.000113495   0.00698084
   0.000118366   0.00669689
   0.000124318   0.00640488
   0.000129654   0.00618637
   0.000135186   0.00600209
   0.000140955   0.00585056
   0.000147005   0.00573518
   0.000152241   0.00567062
   0.000157672   0.00564112
   0.000158857   0.00563913
   0.000163454   0.00565401
   0.000168782   0.00571003
   0.000173578   0.00580089
    0.00017705   0.00589589
   0.000180814   0.00603234
   0.000183365   0.00614437
   0.000187255   0.00635819
   0.000189897    0.0065352
   0.000191906   0.00668918
   0.000193934    0.0068667
    0.00019667   0.00714111
   0.000199254   0.00744868
   0.000201168   0.00771419
   0.000203289   0.00804829
   0.000205165   0.00838514
   0.000207242   0.00881339
    0.00020942   0.00933834
   0.000210873   0.00973912
   0.000212658    0.0102991
   0.000213716     0.010672
   0.000215224    0.0112643
   0.000216354    0.0117623
   0.000217433    0.0122903
   0.000218134    0.0126557
   0.000219537    0.0134774
   0.000220728    0.0142674
   0.000221621    0.0149284
   0.000222514    0.0156622
   0.000223407     0.016457
     0.0002243     0.017345
   0.000225245    0.0183995
    0.00022619    0.0195782
   0.000227135    0.0209022
   0.000227765    0.0218791
   0.000228395    0.0229485
   0.000229025    0.0241196
   0.000229617    0.0253259
   0.000230172    0.0265514
   0.000230726    0.0278873
    0.00023128    0.0293469
    0.00023186    0.0310214
   0.000232465    0.0329527
    0.00023307    0.0350999
   0.000233674    0.0374918
   0.000234128    0.0394731
   0.000234582    0.0416415
   0.000235035    0.0440186
   0.000235489    0.0466335
   0.000235942    0.0495102
   0.000236396    0.0526754
   0.000236821    0.0559549
   0.000237247    0.0595906
   0.000237672    0.0636266
   0.000238097    0.0681219
   0.000238522    0.0731514
   0.000238947     0.078806
   0.000239231    0.0829643
   0.000239514    0.0874764
   0.000239798    0.0923959
   0.000240081    0.0977709
   0.000240365     0.103654
   0.000240649     0.110112
   0.000240932     0.117223
   0.000241239     0.125771
   0.000241546      0.13533
   0.000241751     0.142343
   0.000241956     0.149931
   0.000242161      0.15816
   0.000242365     0.167109
    0.00024257     0.176873
   0.000242806     0.189287
   0.000243042     0.203103
   0.000243279     0.218537
   0.000243515     0.235851
   0.000243673     0.248595
    0.00024383     0.262426
   0.000244043     0.283054
   0.000244184     0.298221
   0.000244326     0.314668
   0.000244468     0.332545
    0.00024461     0.352024
   0.000244751     0.373302
   0.000244893     0.396611
   0.000245019     0.419251
   0.000245184     0.452092
   0.000245295     0.476218
   0.000245405     0.502365
   0.000245515     0.530765
   0.000245626     0.561683
   0.000245736     0.595429
   0.000245846     0.632358
   0.000245976     0.680546
   0.000246106     0.734565
   0.000246193     0.774303
   0.000246279     0.817424
   0.000246366      0.86433
   0.000246452     0.915483
   0.000246539      0.97142
   0.000246645      1.04754
   0.000246716      1.10348
   0.000246787      1.16414
   0.000246858      1.23006
   0.000246929      1.30189
      0.000247      1.38036
   0.000247071      1.46634
   0.000247138      1.55536
   0.000247201      1.64698
   0.000247263      1.74721
   0.000247327      1.85717
   0.000247389      1.97824
   0.000247452      2.11201
   0.000247516      2.26041
   0.000247579      2.42576
   0.000247634      2.58657
   0.000247681      2.73823
   0.000247728      2.90447
   0.000247775      3.08741
   0.000247823      3.28961
    0.00024787      3.51423
   0.000247917      3.76524
   0.000247953       3.9738
   0.000247988      4.20268
   0.000248023      4.45522
   0.000248059      4.73549
   0.000248094      5.04869
   0.000248121      5.30907
   0.000248147      5.59502
   0.000248174      5.91062
   0.000248201       6.2608
   0.000248227      6.65151
   0.000248254      7.08986
   0.000248278      7.54566
   0.000248299      7.97166
    0.00024832      8.44296
    0.00024834      8.96594
   0.000248361      9.54793
   0.000248382      10.1972
   0.000248402      10.9234
   0.000248423      11.7372
   0.000248444      12.6505
   0.000248458      13.3214
   0.000248471       14.047
   0.000248485       14.832
   0.000248501      15.8404
   0.000248515      16.7902
   0.000248529      17.8196
   0.000248543      18.9353
   0.000248557      20.1441
   0.000248572      21.4773
   0.000248586      22.9747
   0.000248601      24.6018
   0.000248613      26.0519
   0.000248628      27.9158
   0.000248645      30.3059
   0.000248661      32.7076
   0.000248679      35.6609
   0.000248694      38.4515
   0.000248709      41.4708
   0.000248725      44.8199
   0.000248741      48.4392
   0.000248757      52.3442
   0.000248772      56.5493
   0.000248787      60.8357
   0.000248802      65.4179
   0.000248817      70.3077
   0.000248832      75.5151
   0.000248848      81.3514
   0.000248864      87.5605
   0.000248879      94.1514
   0.000248895       101.13
   0.000248919      112.337
   0.000248942      124.434
   0.000248966      137.413
    0.00024899      151.252
   0.000249013      165.915
   0.000249045      186.647
   0.000249084      214.194
   0.000249131      248.989
    0.00024921      308.205
   0.000249251      337.352
   0.000249288      362.821
   0.000249326      385.665
   0.000249351      399.055
   0.000249377      410.728
   0.000249402      420.497
   0.000249427      428.203
   0.000249452       433.72
   0.000249479      437.055
     0.0002495      437.868
   0.000249526      436.589
   0.000249555      432.116
   0.000249586      424.338
    0.00024961      416.002
   0.000249636      404.707
   0.000249666      389.376
   0.000249699      370.241
   0.000249736      345.954
    0.00024978       315.06
   0.000249897      227.463
    0.00024993      203.671
   0.000249962      181.504
   0.000249991      163.097
   0.000250019      145.809
    0.00025004       133.63
   0.000250062      121.741
   0.000250086      109.858
    0.00025011        98.86
   0.000250125      92.0173
   0.000250141      85.5596
   0.000250157      79.4798
   0.000250173       73.769
    0.00025019      67.8361
   0.000250209      61.7968
   0.000250224      57.5931
   0.000250238      53.6572
   0.000250253      49.9775
   0.000250267      46.5429
   0.000250282      43.3417
   0.000250296      40.3628
   0.000250311      37.5937
   0.000250325      35.0236
   0.000250341      32.3922
   0.000250354      30.4484
   0.000250367       28.634
    0.00025038      26.9415
   0.000250392      25.3639
   0.000250405      23.8942
   0.000250418       22.526
   0.000250431      21.2527
   0.000250444      20.0683
   0.000250456      18.9669
   0.000250469      17.9431
   0.000250482      16.9914
   0.000250501      15.6885
    0.00025052      14.5212
    0.00025054       13.475
   0.000250555      12.6978
   0.000250571      11.9868
   0.000250587      11.3357
   0.000250603      10.7391
   0.000250618      10.1918
   0.000250634      9.68917
    0.00025065      9.22694
   0.000250673      8.60103
   0.000250697      8.04594
   0.000250721      7.55172
   0.000250744      7.10991
   0.000250768      6.71324
   0.000250791      6.35556
   0.000250821      5.95529
   0.000250851      5.59923
    0.00025088       5.2804
    0.00025091      4.99314
   0.000250939      4.73282
   0.000250969      4.49567
   0.000251008      4.21021
   0.000251047      3.95458
   0.000251087      3.72414
   0.000251132      3.48558
   0.000251158      3.36164
   0.000251209      3.13426
    0.00025126      2.93067
   0.000251311       2.7474
   0.000251362      2.58163
   0.000251414      2.43109
   0.000251465      2.29386
   0.000251516      2.16835
   0.000251579      2.02798
   0.000251642      1.90121
   0.000251705      1.78629
   0.000251768      1.68174
   0.000251831      1.58633
   0.000251894      1.49899
   0.000251957      1.41881
    0.00025202      1.34503
   0.000252099      1.26077
   0.000252178      1.18433
   0.000252256      1.11475
   0.000252335      1.05123
   0.000252414     0.993068
   0.000252493      0.93968
   0.000252571     0.890549
    0.00025265     0.845231
   0.000252745     0.795339
   0.000252839     0.749799
   0.000252934     0.708114
   0.000253028     0.669853
   0.000253123     0.634645
   0.000253217     0.602169
   0.000253359     0.557977
   0.000253469     0.526912
   0.000253595     0.494513
   0.000253721     0.465042
   0.000253847     0.438156
   0.000253973     0.413561
   0.000254099     0.391004
   0.000254225     0.370264
   0.000254351     0.351152
   0.000254485     0.332442
   0.000254627     0.314236
   0.000254768     0.297504
    0.00025491     0.282092
   0.000255052     0.267864
   0.000255264     0.248486
   0.000255477     0.231168
   0.000255642      0.21894
   0.000255831      0.20614
   0.000256021     0.194456
   0.000256209     0.183764
   0.000256398     0.173951
   0.000256587     0.164918
   0.000256776     0.156579
    0.00025706     0.145227
    0.00025728     0.137247
   0.000257501     0.129924
   0.000257721     0.123188
   0.000257942     0.116978
   0.000258273     0.108534
   0.000258604     0.101001
   0.000258824    0.0964224
   0.000259108    0.0909955
   0.000259391    0.0860346
   0.000259675    0.0814915
   0.000259958    0.0773148
   0.000260242    0.0734596
   0.000260667    0.0682214
   0.000261092    0.0635584
   0.000261529    0.0592769
   0.000261966    0.0554423
   0.000262403    0.0519992
    0.00026284    0.0488962
   0.000263277    0.0460728
   0.000263715     0.043504
   0.000264153    0.0411689
   0.000264592    0.0390404
   0.000265176    0.0364712
    0.00026576    0.0341722
   0.000266392    0.0319584
   0.000267023    0.0299911
   0.000267655    0.0282248
   0.000268287    0.0266321
   0.000268945    0.0251371
   0.000269603    0.0237888
   0.000270262    0.0225691
    0.00027092    0.0214636
    0.00027155    0.0204993
   0.000272495    0.0192029
    0.00027344    0.0180613
   0.000274359    0.0170777
   0.000275278    0.0162011
   0.000276257    0.0153696
   0.000277354    0.0145449
   0.000278452    0.0138206
   0.000279622    0.0131347
   0.000280828    0.0125121
   0.000282034     0.011963
   0.000283475      0.01139
   0.000284915    0.0108928
   0.000286356    0.0104609
   0.000287796    0.0100852
   0.000289717   0.00965683
   0.000291638   0.00929725
   0.000293559   0.00899656
   0.000295479   0.00874571
   0.000297456   0.00853202
   0.000299432   0.00835702
   0.000301465   0.00821201
   0.000304514   0.00805297
   0.000307562   0.00794928
   0.000310611   0.00789768
   0.000312644   0.00788522
   0.000316806    0.0079186
   0.000321276   0.00802719
   0.000324663   0.00815681
   0.000329243   0.00838725
   0.000333888   0.00869227
   0.000338599   0.00907499
   0.000343213   0.00952627
   0.000346536   0.00990306
   0.000350096    0.0103565
   0.000353791     0.010892
   0.000357522    0.0115001
   0.000360814    0.0121055
   0.000365082    0.0129967
   0.000368131    0.0137156
    0.00037118    0.0145185
   0.000373822    0.0152952
   0.000376261    0.0160611
     0.0003787      0.01691
   0.000381139    0.0178436
   0.000383578    0.0188671
   0.000386017    0.0199984
   0.000388456    0.0212454
   0.000390895    0.0226319
   0.000392927    0.0239157
   0.000394147    0.0247259
   0.000396586    0.0265096
   0.000398212    0.0278172
   0.000399838    0.0292347
   0.000401464     0.030772
    0.00040309    0.0324427
   0.000404716    0.0342627
   0.000406342    0.0362503
   0.000407968    0.0384265
   0.000409594     0.040816
    0.00041122    0.0434476
   0.000412846    0.0463549
   0.000414472    0.0495781
   0.000416098    0.0531535
   0.000417317    0.0561036
   0.000418537    0.0593266
   0.000419757    0.0628457
   0.000420976    0.0666981
   0.000422196    0.0709277
   0.000423415     0.075585
   0.000424634    0.0807303
   0.000425854    0.0864339
   0.000427074    0.0927804
   0.000428293    0.0998696
   0.000429106     0.105067
   0.000429919     0.110691
   0.000430732     0.116787
   0.000431545     0.123412
   0.000432358     0.130628
   0.000433171     0.138507
   0.000433984     0.147134
   0.000434797     0.156607
    0.00043561     0.167041
   0.000436423     0.178569
   0.000437236      0.19135
   0.000438049     0.205522
   0.000438659     0.217219
   0.000439269     0.230001
   0.000439878     0.243967
   0.000440488     0.259259
   0.000441098     0.276052
   0.000441707      0.29455
   0.000442285     0.313874
     0.0004428     0.332737
   0.000443314     0.353357
   0.000443829     0.375948
   0.000444343     0.400804
   0.000444858      0.42825
   0.000445341     0.456679
   0.000445823     0.488066
   0.000446331     0.524764
    0.00044682     0.564174
   0.000447271     0.604617
   0.000447678     0.644947
   0.000448053     0.685838
   0.000448415     0.729177
   0.000448796     0.779422
   0.000449075     0.819669
    0.00044938     0.867261
    0.00044966     0.914647
   0.000450041     0.985822
   0.000450295      1.03802
   0.000450549      1.09449
   0.000450803      1.15574
   0.000451057       1.2223
   0.000451311      1.29481
   0.000451565      1.37402
   0.000451819      1.46077
   0.000452073      1.55605
   0.000452327      1.66103
   0.000452581      1.77706
   0.000452835      1.90577
    0.00045309      2.04907
    0.00045328       2.1675
   0.000453471      2.29656
   0.000453661      2.43758
   0.000453852      2.59209
   0.000454042      2.76187
   0.000454233      2.94902
   0.000454423      3.15598
   0.000454614      3.38568
   0.000454785      3.61469
   0.000454957      3.86792
   0.000455128      4.14895
     0.0004553      4.46204
   0.000455471      4.81232
    0.00045563      5.17516
   0.000455783      5.56394
   0.000455935      5.99873
   0.000456037      6.31786
   0.000456138      6.66346
    0.00045624      7.03856
   0.000456341      7.44665
   0.000456433      7.84548
   0.000456524      8.27766
   0.000456616       8.7471
   0.000456707      9.25823
   0.000456799      9.81625
    0.00045689      10.4271
   0.000456982      11.0979
   0.000457073      11.8368
   0.000457144      12.4648
   0.000457215      13.1453
   0.000457287      13.8843
   0.000457358      14.6889
   0.000457429      15.5675
     0.0004575      16.5294
   0.000457571       17.586
   0.000457642      18.7505
   0.000457698      19.7511
   0.000457754      20.8367
    0.00045781      22.0174
   0.000457866      23.3048
   0.000457922      24.7125
   0.000457978      26.2561
   0.000458034      27.9537
   0.000458089      29.8264
   0.000458133      31.4282
   0.000458177      33.1653
   0.000458221      35.0525
   0.000458264      37.1068
   0.000458308      39.3468
   0.000458352      41.7934
   0.000458395      44.4697
   0.000458439      47.4013
    0.00045848      50.3822
    0.00045852      53.6326
   0.000458561       57.179
   0.000458602      61.0492
   0.000458642       65.273
   0.000458683      69.8811
   0.000458724      74.9052
   0.000458764      80.3774
   0.000458813      87.5806
   0.000458862      95.5275
   0.000458911      104.267
   0.000458959       113.84
   0.000459008      124.277
   0.000459053      134.619
   0.000459096      145.182
   0.000459152      160.296
   0.000459195      172.366
   0.000459252      189.351
   0.000459325      212.441
   0.000459545      284.819
   0.000459618      307.466
   0.000459689      327.367
   0.000459736        338.9
   0.000459783      348.947
   0.000459829      357.309
    0.00045987      363.076
   0.000459911      367.349
   0.000459951      370.058
       0.00046      371.185
   0.000460045      370.163
   0.000460085      367.545
   0.000460126       363.36
   0.000460187        354.3
   0.000460238      344.405
   0.000460289      332.629
   0.000460339      319.241
   0.000460415      297.103
   0.000460512      265.721
   0.000460659      217.213
   0.000460732      193.898
   0.000460795      174.887
   0.000460852      158.771
   0.000460909      143.774
   0.000460951        133.3
   0.000460994      123.501
   0.000461041      113.541
   0.000461089      103.992
   0.000461138      95.2745
   0.000461187      87.3471
   0.000461236      80.1617
   0.000461268      75.7577
   0.000461309      70.6583
    0.00046135      65.9803
    0.00046139      61.6917
   0.000461431      57.7617
   0.000461472      54.1605
   0.000461512      50.8599
   0.000461553      47.8333
   0.000461593       45.056
   0.000461643      41.9599
   0.000461693      39.1654
   0.000461743       36.638
   0.000461793      34.3472
   0.000461842      32.2661
   0.000461892       30.371
   0.000461942      28.6409
   0.000461992      27.0577
   0.000462041      25.6123
   0.000462091      24.2826
   0.000462157       22.669
   0.000462223      21.2152
   0.000462289      19.9004
   0.000462355      18.7071
   0.000462421      17.6206
   0.000462487      16.6281
   0.000462561      15.6191
   0.000462642      14.6107
   0.000462724      13.6987
   0.000462805       12.871
   0.000462886      12.1173
   0.000462967      11.4289
   0.000463049      10.7984
    0.00046313      10.2193
   0.000463216      9.65426
   0.000463308      9.10619
   0.000463399      8.60402
   0.000463491      8.14271
   0.000463582       7.7179
   0.000463674       7.3258
   0.000463811       6.7919
   0.000463902      6.46804
   0.000464024      6.07135
   0.000464146      5.71037
   0.000464268      5.38089
    0.00046439      5.07931
   0.000464512      4.80253
   0.000464634      4.54787
   0.000464756        4.313
   0.000464878      4.09591
    0.00046503      3.84689
   0.000465183      3.61998
   0.000465335      3.41264
   0.000465488       3.2227
    0.00046564      3.04825
   0.000465793      2.88764
   0.000465945       2.7394
   0.000466097      2.60229
   0.000466275      2.45493
   0.000466453      2.31974
   0.000466631      2.19541
   0.000466809      2.08082
   0.000466987      1.97498
   0.000467253      1.83074
    0.00046752      1.70175
   0.000467749      1.60174
   0.000467978      1.51029
   0.000468206      1.42646
   0.000468435      1.34941
   0.000468664      1.27843
   0.000468892      1.21291
   0.000469235      1.12367
   0.000469502       1.0609
   0.000469807     0.995379
   0.000470112     0.935746
   0.000470417     0.881329
   0.000470721      0.83156
   0.000471026     0.785921
   0.000471331      0.74393
   0.000471636     0.705173
   0.000471966     0.666464
   0.000472322     0.628212
   0.000472678     0.593151
   0.000473033     0.560937
   0.000473389     0.531272
   0.000473745     0.503892
   0.000474278     0.466617
   0.000474634     0.444012
    0.00047504     0.420126
   0.000475447      0.39811
   0.000475854     0.377775
   0.000476463     0.350065
   0.000477073     0.325284
   0.000477683     0.303036
   0.000478293     0.282985
   0.000478902     0.264853
   0.000479512     0.248403
   0.000480122     0.233432
   0.000480732     0.219769
   0.000481341     0.207266
   0.000481951     0.195798
   0.000482561     0.185272
   0.000483171     0.175592
   0.000483983     0.163774
   0.000484797     0.153093
   0.000485609     0.143418
   0.000486423     0.134627
   0.000487235     0.126617
   0.000488049     0.119296
   0.000488862     0.112589
   0.000489675     0.106429
   0.000490487     0.100759
     0.0004913    0.0955265
    0.00049252    0.0884061
   0.000493739    0.0820487
   0.000494959    0.0763488
   0.000496179    0.0712193
   0.000497398    0.0665866
   0.000498617    0.0623887
   0.000499837     0.058573
   0.000501056    0.0550946
   0.000502276    0.0519149
   0.000503496    0.0490009
   0.000504715    0.0463241
   0.000505528    0.0446665
   0.000507154    0.0415994
    0.00050878    0.0388275
   0.000510406    0.0363218
   0.000512032    0.0340493
   0.000513658     0.031982
   0.000515284     0.030096
    0.00051691    0.0283708
   0.000518536    0.0267886
   0.000520162    0.0253342
   0.000521788    0.0239942
   0.000523414    0.0227557
   0.000525243    0.0214731
   0.000527073    0.0202958
   0.000529308     0.018986
   0.000531544    0.0177942
   0.000533983    0.0166188
   0.000536422    0.0155534
   0.000538861    0.0145881
     0.0005413    0.0137078
   0.000543739    0.0129055
   0.000546178    0.0121699
   0.000548922    0.0114171
   0.000551869    0.0106801
   0.000553901    0.0102131
   0.000556544   0.00965291
   0.000559186   0.00913317
   0.000562052   0.00861708
   0.000564918   0.00814146
   0.000568637   0.00758288
   0.000572224   0.00709435
    0.00057568   0.00666822
   0.000579003   0.00629238
   0.000582326   0.00594819
   0.000585095   0.00568183
    0.00059008   0.00524588
   0.000594145   0.00492575
    0.00059821   0.00463393
   0.000602275   0.00436712
    0.00060634   0.00412256
   0.000610405   0.00389785
    0.00061447    0.0036909
   0.000618535   0.00349991
     0.0006226   0.00332326
   0.000628362   0.00309551
   0.000634124   0.00288895
   0.000637966   0.00276295
   0.000643392   0.00259844
   0.000648819   0.00244804
   0.000654246   0.00231025
   0.000659673   0.00218374
   0.000665526   0.00205852
    0.00067138   0.00194368
    0.00067638   0.00185299
    0.00068388   0.00172883
    0.00069138   0.00161588
    0.00069888    0.0015143
    0.00070638   0.00142135
    0.00071138   0.00136427
   0.000719042    0.0012832
   0.000726705   0.00120908
   0.000734367   0.00114118
    0.00074203   0.00107883
   0.000750627   0.00101474
   0.000759225  0.000956178
   0.000767822  0.000902523
    0.00077955  0.000836452
    0.00078894  0.000788356
    0.00079833  0.000744571
    0.00080959  0.000696438
    0.00081772  0.000664597
   0.000829915  0.000620954
    0.00084211  0.000581142
   0.000854305  0.000545323
     0.0008665  0.000512469
   0.000876662  0.000487406
   0.000886825  0.000464137
   0.000896988  0.000442498
    0.00090715  0.000422342
   0.000922394  0.000394725
   0.000937638  0.000369528
   0.000952881  0.000346875
   0.000968125  0.000326093
   0.000983369  0.000307293
   0.000998612  0.000289962
    0.00101386  0.000274198
     0.0010291  0.000259611
    0.00104943  0.000242006
    0.00106975  0.000226175
    0.00109008    0.0002119
     0.0011104  0.000198988
    0.00113401  0.000185543
    0.00115105   0.00017663
    0.00117552  0.000165107
     0.0011917  0.000158065
    0.00121704  0.000148117
    0.00123235  0.000142529
    0.00125855  0.000133891
      0.001273  0.000129445
    0.00129979  0.000121946
    0.00132659  0.000115218
    0.00135338  0.000109179
    0.00138018  0.000103757
    0.00140697   9.88938e-5
    0.00143377    9.4538e-5
    0.00146056   9.06478e-5
    0.00148736   8.71885e-5
    0.00151415   8.41321e-5
    0.00154635   8.09863e-5
    0.00156774   7.91449e-5
    0.00160107     7.679e-5
    0.00162133   7.55772e-5
     0.0016558   7.40527e-5
    0.00167492   7.34114e-5
    0.00169855   7.29348e-5
    0.00172894   7.27351e-5
    0.00175333   7.29964e-5
    0.00177807   7.36587e-5
    0.00181061   7.51541e-5
    0.00183102   7.65861e-5
    0.00185144   7.83897e-5
    0.00187186   8.06996e-5
    0.00189228   8.35003e-5
    0.00190589   8.57274e-5
    0.00192466   8.93385e-5
    0.00194015   9.28088e-5
    0.00195564   9.68775e-5
    0.00197112  0.000101539
    0.00198145  0.000105075
    0.00199178  0.000108987
     0.0020021   0.00011332
    0.00201243  0.000118126
    0.00202275  0.000123469
    0.00203308  0.000129422
     0.0020434  0.000136071
    0.00205373   0.00014352
    0.00206405  0.000151891
    0.00207696  0.000163877
     0.0020847  0.000172001
    0.00209244  0.000180991
    0.00210019  0.000190873
    0.00210793  0.000201873
    0.00211568  0.000214035
    0.00212342  0.000227667
    0.00213013  0.000240701
    0.00213632  0.000254026
    0.00214252  0.000268642
    0.00214872  0.000284828
    0.00215491  0.000302689
    0.00215904  0.000315727
     0.0021662  0.000340589
    0.00217047   0.00035705
    0.00217613   0.00038101
     0.0021805  0.000401344
    0.00218486  0.000423513
    0.00218899  0.000446361
    0.00219312  0.000471264
    0.00219702  0.000496867
    0.00220091  0.000524776
    0.00220539  0.000560101
    0.00220988   0.00059942
    0.00221369  0.000636399
     0.0022175  0.000677089
    0.00222131  0.000722055
    0.00222512  0.000771892
    0.00222838  0.000819031
    0.00223165  0.000870754
    0.00223486  0.000926788
    0.00223796  0.000986431
    0.00224106    0.0010522
    0.00224405   0.00112192
    0.00224697   0.00119773
     0.0022499   0.00128175
      0.002253   0.00138096
    0.00225506   0.00145378
    0.00225713   0.00153267
    0.00225919   0.00161832
    0.00226126   0.00171151
    0.00226332   0.00181317
    0.00226539   0.00192437
     0.0022674   0.00204351
    0.00226937   0.00217084
    0.00227134   0.00230988
    0.00227331   0.00246347
    0.00227527   0.00263287
    0.00227723   0.00281987
    0.00227918   0.00302777
    0.00228065   0.00319969
    0.00228211    0.0033867
    0.00228351   0.00357973
     0.0022849   0.00378973
     0.0022863   0.00401954
    0.00228769   0.00427111
    0.00228908   0.00454728
    0.00229048   0.00485156
    0.00229187   0.00518777
    0.00229327   0.00556049
    0.00229466   0.00597522
    0.00229605   0.00643859
    0.00229739   0.00693866
    0.00229863   0.00745373
    0.00229987    0.0080274
     0.0023007   0.00844838
    0.00230152    0.0089039
    0.00230235   0.00939744
    0.00230318   0.00993336
    0.00230395    0.0104788
    0.00230467    0.0110296
     0.0023054    0.0116254
    0.00230612     0.012271
    0.00230684    0.0129722
    0.00230757    0.0137356
    0.00230829    0.0145687
    0.00230901    0.0154797
    0.00230966    0.0163668
    0.00231051    0.0176593
    0.00231108    0.0186089
    0.00231164    0.0196385
    0.00231221     0.020757
    0.00231278    0.0219747
    0.00231335    0.0233036
    0.00231391    0.0247574
    0.00231461    0.0267365
    0.00231508    0.0281915
    0.00231554    0.0297693
    0.00231601    0.0314842
    0.00231647    0.0333525
    0.00231693    0.0353933
     0.0023174    0.0376284
    0.00231781    0.0397991
    0.00231835    0.0429474
    0.00231872    0.0452599
    0.00231908    0.0477656
    0.00231944    0.0504866
     0.0023198    0.0534483
    0.00232016    0.0566798
    0.00232052     0.060215
    0.00232095    0.0648262
    0.00232137    0.0699927
    0.00232166    0.0737918
    0.00232194     0.077913
    0.00232223    0.0823941
    0.00232251    0.0872791
    0.00232279    0.0926181
    0.00232314    0.0998789
    0.00232338     0.105212
    0.00232361      0.11099
    0.00232384     0.117265
    0.00232407     0.124098
     0.0023243     0.131557
    0.00232454     0.139722
    0.00232474     0.147648
    0.00232501     0.159141
     0.0023252     0.167583
    0.00232538     0.176731
    0.00232556     0.186669
    0.00232574     0.197493
    0.00232592     0.209317
     0.0023261     0.222269
    0.00232625     0.234389
    0.00232641     0.247566
    0.00232656     0.261935
    0.00232672      0.27765
    0.00232687     0.294899
    0.00232703       0.3139
    0.00232718     0.334922
    0.00232734     0.358288
    0.00232747     0.379845
     0.0023276       0.4036
    0.00232772     0.429914
    0.00232785     0.459235
    0.00232795     0.483542
    0.00232805     0.510155
    0.00232814     0.539446
    0.00232824     0.571858
    0.00232834      0.60795
    0.00232842     0.641326
    0.00232849     0.674352
    0.00232856     0.710628
    0.00232864     0.750664
    0.00232871     0.795017
    0.00232878     0.844375
    0.00232885     0.899526
    0.00232893     0.961406
      0.002329      1.03108
    0.00232905      1.08247
     0.0023291      1.13831
    0.00232914      1.19903
    0.00232919      1.26059
    0.00232923      1.32728
    0.00232928      1.39963
    0.00232933      1.47812
    0.00232937      1.56336
    0.00232942      1.65592
    0.00232946      1.75649
    0.00232951      1.86574
    0.00232955      1.98448
     0.0023296      2.11345
    0.00232964      2.25354
    0.00232969      2.40559
    0.00232973      2.57064
    0.00232978      2.74959
    0.00232983       2.9842
    0.00232988       3.2279
    0.00232993      3.49418
    0.00232998      3.77536
    0.00233003      4.07686
    0.00233008      4.42172
    0.00233013       4.7578
    0.00233018      5.11948
    0.00233023      5.55317
    0.00233028      6.02197
    0.00233034      6.58052
    0.00233039      7.18596
    0.00233045        7.779
     0.0023305      8.41391
    0.00233055      9.09211
     0.0023306      9.81445
    0.00233065      10.5822
     0.0023307      11.3954
    0.00233078      12.7013
    0.00233086      14.1097
    0.00233094      15.6181
    0.00233101      17.2215
    0.00233112      19.4957
    0.00233122      21.9032
    0.00233137      25.6952
    0.00233164      32.2906
    0.00233176      35.0879
    0.00233187      37.5495
    0.00233197      39.6002
    0.00233206      41.2113
    0.00233214      42.3985
    0.00233223      43.3918
    0.00233231      44.1395
     0.0023324      44.6776
     0.0023325      44.8591
     0.0023326      44.6715
    0.00233269      44.1432
    0.00233276      43.4838
    0.00233286      42.2961
    0.00233295      40.9909
    0.00233305      39.3097
    0.00233315      37.1408
    0.00233328       34.364
    0.00233342      30.8561
     0.0023337      24.0294
    0.00233381      21.4442
    0.00233391      18.9856
    0.00233401      16.9395
    0.00233408      15.5113
    0.00233415      14.1665
    0.00233422      12.9088
     0.0023343      11.7396
    0.00233437      10.6596
    0.00233443      9.73422
    0.00233447      9.29966
     0.0023345      8.88367
     0.0023345      2.46235
    0.00236744       2.4397
    0.00240084      2.41673
    0.00243471      2.39343
    0.00246906      2.36981
    0.00250087      2.34792
    0.00253616      2.32645
    0.00257194      2.30468
    0.00260822      2.28261
    0.00264502      2.26022
    0.00266725      2.24669
    0.00270488      2.22629
    0.00274304       2.2056
    0.00278174      2.18462
    0.00282099      2.16335
    0.00283363      2.15649
     0.0028736      2.13706
    0.00291414      2.11735
    0.00295526      2.09736
    0.00299695      2.07709
         0.003       2.0756
    0.00304232       2.0575
    0.00308525      2.03914
    0.00312877      2.02052
    0.00317291      2.00164
    0.00321768       1.9825
       0.00325      1.96867
    0.00329585      1.95169
    0.00334235      1.93447
     0.0033895        1.917
    0.00343732      1.89929
    0.00348582      1.88133
        0.0035      1.87608
    0.00354938      1.86009
    0.00359945      1.84387
    0.00365024      1.82743
    0.00370173      1.81075
       0.00375      1.79512
    0.00380291      1.78001
    0.00385656      1.76469
    0.00391097      1.74915
    0.00396614      1.73339
         0.004      1.72372
    0.00405643      1.70936
    0.00411366      1.69479
     0.0041717      1.68002
    0.00423055      1.66504
       0.00425      1.66009
    0.00430996      1.64644
    0.00437077       1.6326
    0.00443243      1.61856
    0.00449496      1.60433
        0.0045      1.60318
    0.00456349      1.59018
    0.00462787      1.57699
    0.00469316      1.56362
       0.00475      1.55198
    0.00481701      1.53956
    0.00488497      1.52697
    0.00495389      1.51421
         0.005      1.50567
    0.00507054      1.49379
    0.00514208      1.48174
    0.00521462      1.46952
       0.00525      1.46356
    0.00532407      1.45217
    0.00539918      1.44063
    0.00547535      1.42891
        0.0055      1.42512
     0.0055776      1.41419
    0.00565629      1.40309
    0.00573609      1.39185
       0.00575      1.38988
    0.00583112      1.37936
    0.00591339      1.36869
    0.00599682      1.35787
         0.006      1.35746
    0.00608465      1.34762
    0.00617049      1.33765
    0.00625755      1.32753
    0.00634583      1.31727
    0.00643536      1.30687
        0.0065      1.29936
     0.0065917      1.29016
     0.0066847      1.28083
    0.00677901      1.27138
    0.00687465      1.26178
    0.00697164      1.25206
         0.007      1.24921
    0.00709876      1.24054
    0.00719891      1.23175
    0.00730047      1.22283
    0.00740347      1.21378
        0.0075      1.20531
    0.00760581      1.19712
    0.00771312      1.18882
    0.00782193       1.1804
    0.00793229      1.17187
         0.008      1.16663
    0.00811287      1.15882
    0.00822732      1.15091
     0.0083434      1.14288
    0.00846111      1.13474
        0.0085      1.13205
    0.00861992      1.12463
    0.00874153       1.1171
    0.00886486      1.10947
    0.00898993      1.10172
         0.009       1.1011
    0.00912697      1.09401
    0.00925574      1.08683
    0.00938632      1.07954
        0.0095      1.07319
    0.00963403      1.06641
    0.00976995      1.05952
    0.00990778      1.05254
          0.01      1.04787
     0.0101411      1.04138
     0.0102842       1.0348
     0.0104292      1.02813
     0.0105764      1.02136
      0.010625      1.01912
     0.0107749      1.01292
     0.0109269      1.00664
     0.0110811      1.00026
     0.0112374     0.993795
       0.01125     0.993274
     0.0114087     0.987328
     0.0115697     0.981298
     0.0117329     0.975183
      0.011875      0.96986
     0.0120425     0.964137
     0.0122124     0.958333
     0.0123847     0.952448
        0.0125      0.94851
     0.0126764     0.943199
     0.0128552     0.937812
     0.0130366      0.93235
     0.0132205      0.92681
      0.013407     0.921192
     0.0135961     0.915495
       0.01375     0.910861
      0.013944     0.905842
     0.0141407     0.900753
     0.0143402     0.895591
     0.0145425     0.890357
     0.0147477     0.885049
     0.0149558     0.879665
         0.015     0.878521
     0.0152116     0.873789
     0.0154262     0.868991
     0.0156439     0.864125
     0.0158646     0.859191
     0.0160884     0.854187
       0.01625     0.850574
     0.0164793     0.846026
     0.0167118     0.841415
     0.0169475     0.836738
     0.0171866     0.831995
     0.0174291     0.827186
        0.0175     0.825779
     0.0177469     0.821381
     0.0179973      0.81692
     0.0182512     0.812396
     0.0185087     0.807809
       0.01875      0.80351
     0.0190145     0.799233
     0.0192828     0.794896
     0.0195548     0.790497
     0.0198307     0.786037
          0.02       0.7833
     0.0202822     0.779285
     0.0205683     0.775214
     0.0208585     0.771085
     0.0211528     0.766899
     0.0214512     0.762653
     0.0217538     0.758347
     0.0220607      0.75398
      0.022372     0.749552
        0.0225     0.747731
     0.0228174     0.743841
     0.0231393     0.739897
     0.0234658     0.735897
     0.0237969     0.731841
     0.0241326     0.727727
     0.0244731     0.723556
     0.0248183     0.719325
         0.025       0.7171
     0.0253527     0.713411
     0.0257104      0.70967
     0.0260731     0.705877
      0.026441     0.702029
      0.026814     0.698128
     0.0271923     0.694172
        0.0275     0.690954
      0.027888     0.687329
     0.0282814     0.683653
     0.0286804     0.679925
     0.0290851     0.676144
     0.0294954      0.67231
     0.0299115     0.668422
          0.03     0.667596
     0.0304232     0.664127
     0.0308525      0.66061
     0.0312877     0.657042
     0.0317292     0.653425
     0.0321768     0.649756
        0.0325     0.647108
     0.0329585     0.643678
     0.0334235       0.6402
      0.033895     0.636673
     0.0343732     0.633096
     0.0348582     0.629468
         0.035     0.628408
     0.0354938     0.625012
     0.0359945     0.621569
     0.0365024     0.618077
     0.0370173     0.614536
        0.0375     0.611217
     0.0380291     0.607853
     0.0385656     0.604441
     0.0391097     0.600982
     0.0396614     0.597474
          0.04     0.595321
     0.0405643     0.592217
     0.0411366     0.589068
      0.041717     0.585876
     0.0423055     0.582638
     0.0429024     0.579354
     0.0435077     0.576024
     0.0441215     0.572648
      0.044744     0.569223
         0.045     0.567814
     0.0456349     0.564753
     0.0462787     0.561649
     0.0469316     0.558501
     0.0475937     0.555309
     0.0482652     0.552071
     0.0489461     0.548788
     0.0496367     0.545459
          0.05     0.543707
     0.0507054     0.540898
     0.0514208      0.53805
     0.0521462     0.535161
     0.0528819     0.532232
      0.053628     0.529262
     0.0543846     0.526249
         0.055     0.523799
     0.0557759     0.521035
     0.0565628     0.518232
     0.0573608      0.51539
     0.0581701     0.512507
     0.0589908     0.509584
      0.059823     0.506619
          0.06     0.505989
     0.0608465     0.503162
     0.0617049     0.500294
     0.0625755     0.497387
     0.0634583     0.494438
     0.0643536     0.491448
         0.065     0.489289
      0.065917     0.486519
      0.066847      0.48371
     0.0677901     0.480862
     0.0687465     0.477974
     0.0697164     0.475044
          0.07     0.474188
     0.0709876     0.471655
     0.0719891     0.469086
     0.0730047     0.466482
     0.0740347      0.46384
         0.075     0.461364
     0.0760581     0.458888
     0.0771312     0.456376
     0.0782193     0.453829
     0.0793229     0.451246
          0.08     0.449662
     0.0811287     0.447434
     0.0822732     0.445175
      0.083434     0.442884
     0.0846111      0.44056
     0.0858048     0.438204
     0.0870153     0.435815
      0.088243     0.433392
     0.0894879     0.430935
          0.09     0.429924
           0.1     0.413186
           0.1     0.413271
        0.1174      0.39432
      0.130925     0.381943
      0.147768     0.368421
      0.151058     0.366351
       0.18064     0.355557
      0.201411     0.349209
          0.25     0.344562
      0.304173     0.346676
      0.391713     0.356755
      0.419297     0.332895
      0.446529     0.312092
      0.469369     0.296643
      0.494168     0.281317
           0.5     0.277915
      0.699915     0.276827
      0.805643     0.287067
      0.886949     0.297311
           0.9     0.287401
      0.962841     0.279346
             1     0.275331
          1.25     0.286179
       1.32433     0.293503
       1.32795     0.293088
           1.5      0.29348
       1.50032     0.293479
         1.648     0.301295
       1.69185     0.305307
          1.75     0.304517
       1.93198     0.315173
             2     0.320133
       2.23214     0.345617
       2.38269     0.368025
       2.50773     0.384693
             3     0.399266
       3.18144     0.374117
       3.32211     0.356542
       3.48609     0.337935
       3.67078     0.319052
       3.84535     0.302973
             4      0.28987
       4.11314     0.274601
       4.26001     0.256531
       4.38695     0.242324
       4.53278     0.227427
       4.69441     0.212481
        4.8448     0.199871
       5.16652      0.17539
       5.31014     0.165482
       5.47479     0.155106
       5.60162     0.147752
       5.79739     0.137371
       6.08465     0.123541
       6.21203     0.117435
       6.35773     0.111008
        6.4783     0.105995
          6.66    0.0991018
       6.82789    0.0932824
             7    0.0878044
       7.16999    0.0808295
       7.31543    0.0754195
       7.48088    0.0698197
       7.65541    0.0644801
       7.77674    0.0610755
       7.96244    0.0563101
             8    0.0553936
       8.11865    0.0515997
       8.22392    0.0484937
       8.35826    0.0448509
       8.47239    0.0420133
       8.60132    0.0390641
       8.73633    0.0362393
       8.88604    0.0333902
             9    0.0314013
       9.11932    0.0292124
       9.22501    0.0274225
        9.3597    0.0253262
       9.47394    0.0236953
        9.6028    0.0220024
       9.73753    0.0203832
       9.88666    0.0187524
            10    0.0176154
       10.0597    0.0168678
       10.1727    0.0155503
       10.2726    0.0144822
       10.3609     0.013608
       10.4729     0.012583
       10.5676    0.0117846
       10.6741     0.010955
       10.7894    0.0101309
       10.8942   0.00944231
            11   0.00880053
       11.1203   0.00817807
       11.2266   0.00766964
       11.3618   0.00707477
       11.4762   0.00661251
        11.605   0.00613318
       11.7393   0.00567523
       11.8876   0.00521456
            12   0.00489377
       12.1207   0.00452725
       12.2464   0.00417801
       12.3328   0.00395547
       12.4374   0.00370401
         12.49   0.00358434
       12.6156   0.00334244
       12.7106    0.0031718
       12.8545   0.00293202
            13   0.00271037
       13.1666    0.0025106
       13.3508   0.00230943
       13.4907    0.0021692
        13.681    0.0020213
       13.7112   0.00199786
       13.9031    0.0018618
            14   0.00179729
       14.1975   0.00171394
       14.2436   0.00169449
       14.4445   0.00161591
       14.4914   0.00159758
       14.6958   0.00153731
       14.8712   0.00148563
            15   0.00145008
       15.2116   0.00141738
       15.4262   0.00138422
       15.4919   0.00137407
       15.7105   0.00134309
       15.9321   0.00131167
            16   0.00130205
       16.2257   0.00128924
       16.4546   0.00127624
       16.6868   0.00126307
       16.9222    0.0012497
            17   0.00124529
       17.2398   0.00124212
       17.4831   0.00123891
       17.7297   0.00123565
       17.9799   0.00123235
            18   0.00123208
       18.2539   0.00123646
       18.5115   0.00124091
       18.7726   0.00124542
            19   0.00124934
       19.2681   0.00125928
       19.5399   0.00126936
       19.8156   0.00127958
            20   0.00128642
//
#-------------------------------------------------------------------------------
