      0.357023            0
           0.4       0.2804
          0.45        0.469
           0.5       0.6037
          0.55       0.7069
           0.6       0.7906
          0.65       0.8609
           0.7       0.9217
          0.75       0.9751
           0.8        1.023
          0.85        1.066
      0.853502      1.06418
      0.886186      1.16148
           0.9      1.20625
          0.95      1.30123
             1      1.37777
           1.2      1.58376
        1.2582      1.58971
       1.27928      1.60918
           1.4      1.79546
       1.44976      1.81609
       1.56139      1.88205
           1.6      1.90492
       1.64195      1.94188
       1.70378      2.04818
       1.71386      2.06951
           1.8      2.26691
             2      2.30531
           2.2      2.33282
           2.4      2.35474
           2.6      2.37411
           2.8      2.39342
             3      2.41245
          3.25      2.43859
           3.5      2.45701
          3.75      2.47624
             4      2.48804
          4.25      2.49769
           4.5      2.49957
          4.75       2.4976
             5      2.48956
           5.5      2.46383
             6       2.4314
           6.5      2.39978
             7      2.37121
           7.5      2.34468
             8       2.3254
           8.5      2.30746
             9      2.29074
           9.5      2.27481
            10      2.25958
            11       2.1882
            12      1.61213
            13      1.10362
            14     0.806165
            15     0.606209
            16     0.480444
            17     0.400896
            18     0.346834
            19      0.30993
            20     0.283503
