#ZVView-data-copy:  31-Jul-2018 00:28:52
#=======================================
#
#name:   JENDL-4.0: XE-124(N,NON)
#X.axis: Incident Energy
#Y.axis: Cross Section
#wdata:  2
#ldata:  1757
#data...
#            X            Y
#          MeV        barns
         1e-11       7404.5
   1.10304e-11      7050.19
   1.21669e-11      6712.84
   1.34206e-11      6391.62
   1.48034e-11      6085.78
   1.63287e-11      5794.58
   1.80111e-11       5517.3
   1.98669e-11       5253.3
   2.19139e-11      5001.93
   2.41719e-11      4762.58
   2.66625e-11      4534.69
   2.94097e-11      4317.71
     3.244e-11       4111.1
   3.57825e-11      3914.39
   3.94694e-11      3727.09
   4.35362e-11      3548.75
   4.80221e-11      3378.94
   5.29701e-11      3217.26
    5.8428e-11      3063.32
   6.44483e-11      2916.74
   7.10888e-11      2777.18
   7.84136e-11      2644.29
   8.64931e-11      2517.77
   9.54051e-11      2397.29
   1.05235e-10      2282.59
   1.16078e-10      2173.37
   1.28039e-10      2069.38
   1.41231e-10      1970.37
   1.55784e-10      1876.09
   1.71835e-10      1786.33
    1.8954e-10      1700.86
    2.0907e-10      1619.48
   2.30612e-10         1542
   2.54374e-10      1468.22
   2.80584e-10      1397.98
   3.09494e-10       1331.1
   3.41383e-10      1267.41
   3.76558e-10      1206.78
   4.15358e-10      1149.05
   4.58155e-10      1094.08
   5.05362e-10      1041.74
   5.57433e-10      991.909
   6.14869e-10      944.462
   6.78223e-10      899.286
   7.48105e-10      856.272
   8.25188e-10      815.318
   9.10213e-10      776.324
      1.004e-9      739.197
    1.10745e-9      703.848
    1.22155e-9      670.192
    1.34742e-9      638.147
    1.48625e-9      607.636
    1.63939e-9      578.587
    1.80831e-9       550.93
    1.99463e-9      524.597
    2.20016e-9      499.525
    2.42685e-9      475.655
    2.67691e-9      452.929
    2.95273e-9      431.292
    3.25697e-9      410.693
    3.59256e-9      391.081
    3.96272e-9      372.409
    4.37103e-9      354.634
    4.82141e-9      337.712
    5.31819e-9      321.604
    5.86616e-9      306.272
    6.47059e-9      291.679
     7.1373e-9      277.791
    7.87271e-9      264.572
    8.68389e-9      251.988
    9.57865e-9      240.005
    1.05656e-8      228.593
    1.16543e-8      217.726
    1.28551e-8      207.382
    1.41796e-8      197.543
    1.56406e-8      188.182
    1.72522e-8      179.272
    1.90298e-8      170.787
    2.09906e-8      162.708
    2.31534e-8      155.022
    2.52419e-8      148.566
       2.53e-8      148.398
    2.79068e-8       141.41
    3.07823e-8      134.758
     3.3954e-8      128.428
    3.74525e-8       122.41
    4.13115e-8      116.696
    4.55681e-8      111.271
    5.06179e-8      105.743
    5.58334e-8      100.837
    6.15863e-8      96.1744
    6.79319e-8      91.7452
    7.49314e-8      87.5389
    8.26521e-8      83.5483
    9.11684e-8      79.7731
    1.01266e-7       75.935
    1.12489e-7      72.2929
    1.24948e-7      68.8543
    1.38795e-7      65.6078
    1.54168e-7      62.5474
    1.71253e-7      59.6649
    1.90221e-7      56.9531
    2.11301e-7      54.3976
    2.34706e-7      52.0195
    2.60715e-7      49.7649
    2.89593e-7      47.6536
    3.21685e-7      45.6818
    3.57316e-7      43.8475
    3.96913e-7      42.1457
    4.40876e-7       40.575
    4.93163e-7      39.0413
    5.51652e-7      37.6536
    6.17077e-7      36.4131
    6.90262e-7      35.3228
    7.72126e-7      34.3874
      8.637e-7      33.6188
    9.66133e-7      33.0288
     1.0824e-6      32.6339
    1.20229e-6      32.4767
    1.23005e-6      32.4721
    1.36636e-6      32.6063
    1.50714e-6       32.998
    1.65079e-6       33.648
    1.79555e-6      34.5555
    1.93942e-6      35.7187
    2.08014e-6      37.1283
    2.21545e-6      38.7653
    2.34314e-6      40.5977
    2.46096e-6      42.5727
     2.5666e-6      44.6113
    2.67677e-6      47.0505
    2.77211e-6      49.4631
    2.87099e-6      52.3108
    2.95257e-6       54.958
    3.03647e-6      58.0178
    3.12275e-6      61.5802
    3.18899e-6       64.645
     3.2568e-6      68.1256
    3.32588e-6      72.0828
    3.39659e-6      76.6326
    3.46864e-6      81.8772
    3.51758e-6      85.8465
     3.5672e-6      90.2582
    3.61753e-6      95.1828
    3.66857e-6      100.706
    3.72032e-6      106.932
    3.77281e-6       113.99
    3.81273e-6      119.937
    3.85303e-6      126.518
     3.8937e-6      133.831
    3.93476e-6      141.992
    3.97639e-6      151.186
    4.01842e-6      161.553
    4.06084e-6      173.306
    4.08938e-6      182.056
    4.11813e-6      191.644
    4.14708e-6      202.186
    4.17623e-6      213.816
    4.20558e-6      226.693
    4.23515e-6      241.007
    4.26492e-6      256.986
     4.2949e-6        274.9
    4.31754e-6      289.815
    4.34018e-6      306.086
    4.36314e-6      324.154
    4.38611e-6      344.016
    4.40918e-6       366.03
    4.43246e-6      390.643
    4.45575e-6      418.011
    4.47925e-6      448.856
    4.50287e-6      483.637
    4.51861e-6      509.258
    4.53447e-6        537.3
    4.55043e-6      568.093
     4.5664e-6      601.772
    4.58236e-6      638.713
    4.59844e-6      679.656
    4.61463e-6       725.21
    4.63082e-6      775.739
    4.64701e-6      832.001
    4.65921e-6      878.731
    4.67152e-6      930.188
    4.68384e-6      986.502
    4.69615e-6      1048.31
    4.70846e-6      1116.36
    4.72078e-6      1191.54
    4.73327e-6      1276.12
    4.74576e-6      1370.39
    4.75824e-6      1475.92
    4.76657e-6      1553.45
    4.77489e-6      1637.47
    4.78322e-6      1728.74
    4.79125e-6      1824.51
    4.79899e-6      1924.81
    4.80673e-6      2033.91
    4.81448e-6       2152.9
    4.82222e-6      2283.03
    4.82996e-6      2425.76
     4.8377e-6      2582.82
    4.84544e-6       2756.2
    4.85155e-6      2906.14
    4.85828e-6      3086.11
      4.865e-6      3283.88
    4.87172e-6      3501.87
    4.87844e-6       3742.9
    4.88516e-6      4010.23
    4.89028e-6      4233.91
     4.8954e-6      4476.98
    4.90052e-6      4741.62
    4.90564e-6      5030.21
    4.91077e-6      5345.43
    4.91589e-6      5690.24
    4.92101e-6       6067.9
    4.92613e-6      6481.95
    4.93125e-6      6936.25
    4.93637e-6       7434.9
    4.94149e-6      7982.28
    4.94661e-6       8582.9
    4.95173e-6      9241.41
    4.95685e-6      9962.43
    4.96198e-6      10750.4
     4.9671e-6      11609.6
    4.97222e-6      12543.5
    4.97734e-6      13555.1
    4.98246e-6      14646.2
    4.98758e-6      15817.4
     4.9927e-6      17067.7
    4.99782e-6      18394.4
     5.0055e-6      20516.2
    5.01318e-6      22771.4
    5.03879e-6      30653.8
    5.04647e-6      32877.9
    5.05338e-6      34709.1
    5.05991e-6      36235.9
    5.06644e-6      37518.9
    5.07156e-6      38328.1
    5.07669e-6      38946.3
    5.08181e-6      39360.7
    5.08693e-6        39563
     5.0898e-6      39581.9
    5.09502e-6      39441.8
    5.09922e-6      39167.8
    5.10434e-6      38645.1
    5.10946e-6      37925.7
    5.11612e-6      36720.8
    5.12277e-6      35248.6
    5.13046e-6        33279
    5.13814e-6      31094.2
    5.15094e-6      27189.3
    5.16374e-6      23244.5
    5.17142e-6      20972.8
    5.17911e-6      18825.4
    5.18423e-6      17477.6
    5.18935e-6      16203.6
    5.19447e-6      15006.9
    5.19959e-6      13889.1
    5.20471e-6      12850.1
    5.20983e-6      11888.6
    5.21495e-6      11002.2
    5.22007e-6      10187.6
    5.22519e-6      9440.94
    5.23032e-6      8757.99
    5.23544e-6      8134.32
    5.24056e-6       7565.4
    5.24568e-6      7046.76
     5.2508e-6      6574.07
    5.25592e-6      6143.19
    5.26104e-6      5750.24
    5.26616e-6      5391.59
    5.27128e-6       5063.9
     5.2764e-6      4764.14
    5.28153e-6      4489.53
    5.28665e-6      4237.57
    5.29241e-6      3978.38
    5.29817e-6      3742.16
    5.30393e-6      3526.38
    5.30969e-6      3328.84
    5.31545e-6      3147.57
    5.32288e-6      2935.21
    5.33114e-6      2723.66
    5.33939e-6       2534.5
    5.34765e-6      2364.67
    5.35591e-6      2211.63
    5.36141e-6      2117.84
    5.36973e-6      1987.19
    5.37806e-6      1868.45
    5.38638e-6       1760.2
     5.3947e-6      1661.25
    5.40302e-6      1570.53
    5.41134e-6      1487.16
    5.41966e-6      1410.36
    5.42799e-6      1339.45
    5.43756e-6       1264.4
    5.44713e-6      1195.58
     5.4567e-6      1132.32
    5.46628e-6      1074.03
    5.47585e-6      1020.21
    5.49021e-6       946.89
    5.50457e-6      881.343
    5.51913e-6      821.721
    5.53369e-6      768.078
    5.54825e-6      719.639
    5.56281e-6      675.755
    5.57737e-6      635.871
    5.59207e-6       599.19
    5.60684e-6      565.544
     5.6216e-6      534.749
    5.63637e-6      506.495
    5.65114e-6      480.511
    5.67096e-6      448.783
    5.69093e-6      420.045
     5.7109e-6      394.111
    5.73086e-6      370.627
    5.75097e-6      349.151
    5.77122e-6      329.473
    5.79147e-6      311.527
    5.81171e-6      295.121
    5.83211e-6      279.988
    5.85264e-6      266.005
    5.87317e-6      253.149
    5.90397e-6      235.723
    5.93521e-6      220.031
    5.96645e-6      206.051
    5.99783e-6      193.497
     6.0295e-6      182.142
    6.06118e-6      171.941
    6.09315e-6      162.667
    6.12528e-6      154.259
     6.1574e-6      146.654
    6.18998e-6      139.666
    6.22255e-6      133.327
    6.26629e-6       125.71
    6.31034e-6      118.944
     6.3547e-6      112.925
    6.39937e-6      107.563
    6.44435e-6      102.783
    6.48965e-6      98.5211
    6.53527e-6       94.723
    6.58121e-6       91.342
    6.62747e-6       88.338
    6.69735e-6       84.471
    6.76822e-6      81.2658
    6.83975e-6      78.6642
    6.91195e-6      76.6053
    6.98483e-6      75.0386
      7.052e-6       74.005
     7.1384e-6      73.2037
    7.22102e-6       72.953
    7.31245e-6      73.2281
    7.38015e-6      73.7932
    7.46592e-6       74.945
    7.55619e-6      76.6887
    7.63614e-6      78.7021
    7.71685e-6      81.2041
    7.79831e-6      84.2416
    7.88054e-6      87.8748
    7.96392e-6      92.2028
    8.04809e-6      97.3091
    8.10446e-6      101.194
    8.16163e-6       105.56
     8.2188e-6      110.402
    8.27678e-6       115.85
    8.33476e-6      121.901
    8.39355e-6      128.735
    8.45234e-6      136.368
    8.51197e-6      145.039
    8.57159e-6      154.785
    8.61694e-6       163.02
    8.66229e-6      172.062
    8.70785e-6       182.07
    8.75384e-6      193.238
    8.79983e-6      205.625
    8.84625e-6      219.543
    8.89289e-6      235.174
    8.93952e-6      252.724
    8.97105e-6      265.835
    9.00258e-6      280.087
    9.03411e-6      295.614
    9.06564e-6      312.571
    9.09762e-6       331.41
     9.1296e-6      352.115
    9.16157e-6      374.941
    9.19354e-6      400.191
    9.22597e-6      428.641
    9.25029e-6      452.124
    9.27461e-6      477.688
    9.29893e-6      505.585
    9.32325e-6      536.107
    9.34791e-6      570.092
    9.37257e-6      607.544
    9.39724e-6      648.954
     9.4219e-6      694.902
    9.44656e-6      746.081
    9.47113e-6      803.093
    9.48748e-6      844.843
    9.50383e-6      890.035
    9.52018e-6      939.061
    9.53653e-6       992.37
    9.55287e-6      1050.48
    9.56922e-6      1113.99
    9.58557e-6       1183.6
    9.60002e-6      1250.82
    9.61446e-6      1324.08
     9.6289e-6      1404.14
    9.64335e-6      1491.87
    9.65779e-6      1588.31
    9.67224e-6      1694.67
    9.68668e-6      1812.37
    9.70112e-6      1943.11
    9.71467e-6      2079.34
    9.72821e-6      2230.83
    9.74175e-6      2399.98
    9.75529e-6       2589.7
    9.76432e-6      2729.32
    9.77334e-6      2880.87
    9.78364e-6      3069.98
    9.79393e-6      3278.85
    9.80422e-6      3510.33
    9.81451e-6      3767.79
     9.8248e-6      4055.18
    9.83184e-6      4271.45
    9.83906e-6      4511.88
    9.84629e-6      4773.21
    9.85351e-6      5057.79
    9.86073e-6      5368.18
    9.86795e-6      5707.27
    9.87517e-6      6078.24
     9.8824e-6      6484.59
    9.88962e-6      6930.12
    9.89684e-6      7418.95
    9.90406e-6       7955.5
    9.91128e-6      8544.42
    9.91851e-6      9190.54
    9.92573e-6      9898.81
    9.93295e-6      10674.1
    9.94017e-6      11521.2
    9.94739e-6      12444.5
    9.95462e-6      13447.8
    9.96184e-6      14534.1
    9.96906e-6      15705.2
    9.97628e-6      16961.7
     9.9835e-6      18302.4
    9.99073e-6      19724.2
    1.00016e-5      21996.3
    1.00124e-5      24409.2
    1.00485e-5      32822.6
    1.00593e-5      35189.4
    1.00691e-5      37134.8
    1.00788e-5      38840.7
    1.00853e-5      39816.3
    1.00926e-5      40726.6
    1.00998e-5      41436.7
     1.0107e-5      41932.2
    1.01142e-5      42202.9
    1.01196e-5      42255.1
    1.01271e-5      42114.3
     1.0133e-5      41828.8
    1.01402e-5      41278.8
    1.01474e-5        40518
    1.01568e-5      39239.8
    1.01662e-5      37674.4
    1.01771e-5      35576.8
    1.01879e-5      33246.8
    1.02059e-5      29077.3
    1.02276e-5      24038.5
    1.02384e-5      21648.7
    1.02493e-5      19403.1
    1.02565e-5      17999.7
    1.02637e-5      16677.5
    1.02709e-5      15438.9
    1.02782e-5        14285
    1.02854e-5      13214.9
    1.02926e-5      12226.6
    1.02998e-5      11317.1
     1.0307e-5      10482.4
    1.03143e-5      9718.26
    1.03215e-5         9020
    1.03287e-5      8382.78
    1.03359e-5      7801.77
    1.03432e-5      7272.23
    1.03504e-5      6789.63
    1.03576e-5      6349.65
    1.03648e-5      5948.26
     1.0372e-5      5581.74
    1.03793e-5      5246.66
    1.03865e-5      4939.92
    1.03937e-5      4658.69
    1.04027e-5      4339.19
    1.04109e-5      4078.69
     1.0419e-5      3840.89
    1.04271e-5      3623.33
    1.04352e-5      3423.83
     1.0445e-5      3205.59
    1.04537e-5      3028.81
    1.04623e-5       2866.4
     1.0471e-5      2716.85
    1.04797e-5      2578.84
    1.04927e-5      2390.95
    1.05057e-5      2223.07
    1.05163e-5      2098.47
    1.05289e-5      1963.89
    1.05416e-5      1841.96
    1.05542e-5      1731.12
    1.05669e-5      1630.06
    1.05795e-5      1537.65
    1.05921e-5      1452.92
    1.06048e-5      1375.04
    1.06183e-5      1298.37
    1.06328e-5      1223.47
    1.06472e-5      1154.89
    1.06616e-5      1091.94
    1.06761e-5      1034.01
    1.06905e-5      980.579
    1.07122e-5      907.889
    1.07266e-5      863.835
    1.07447e-5      813.138
    1.07628e-5      766.781
    1.07808e-5      724.279
    1.07989e-5      685.217
    1.08169e-5      649.234
     1.0835e-5      616.015
    1.08621e-5      570.772
    1.08903e-5      528.764
     1.0919e-5       490.52
    1.09478e-5      456.267
    1.09765e-5       425.46
    1.10053e-5      397.651
    1.10342e-5      372.354
    1.10633e-5      349.183
    1.10925e-5      328.106
    1.11217e-5      308.879
    1.11508e-5      291.289
      1.118e-5      275.153
    1.12096e-5      260.111
    1.12391e-5       246.26
    1.12786e-5      229.435
     1.1318e-5      214.266
    1.13577e-5      200.452
    1.13977e-5      187.841
    1.14377e-5      176.376
    1.14777e-5      165.924
     1.1518e-5      156.303
    1.15585e-5      147.431
    1.15991e-5      139.288
    1.16396e-5      131.797
    1.16805e-5      124.843
    1.17216e-5      118.378
    1.17833e-5      109.577
    1.18452e-5      101.679
    1.19078e-5      94.5365
    1.19704e-5      88.1152
    1.20335e-5       82.271
    1.20969e-5      76.9663
    1.21604e-5      72.1598
    1.22247e-5      67.7253
    1.22891e-5      63.6781
    1.23537e-5      59.9606
    1.24189e-5      56.5253
    1.24842e-5      53.3742
      1.255e-5      50.4506
    1.26383e-5      46.8927
    1.27271e-5       43.673
    1.28166e-5      40.7512
    1.29067e-5      38.0922
    1.29974e-5      35.6663
    1.30887e-5      33.4474
    1.31807e-5      31.4135
    1.32734e-5      29.5448
    1.33667e-5      27.8246
    1.34607e-5      26.2377
    1.35553e-5      24.7713
    1.36506e-5      23.4138
    1.37465e-5      22.1549
    1.38432e-5      20.9855
    1.39405e-5      19.8978
    1.40385e-5      18.8847
    1.41371e-5      17.9418
    1.42866e-5      16.6426
    1.44374e-5      15.4628
    1.45896e-5      14.3924
     1.4744e-5      13.4147
    1.48998e-5      12.5238
    1.50571e-5      11.7102
    1.52158e-5      10.9653
    1.53768e-5      10.2789
    1.55394e-5      9.64825
    1.57034e-5      9.06763
     1.5869e-5      8.53213
    1.60369e-5      8.03515
    1.62064e-5       7.5754
    1.63775e-5       7.1494
    1.65501e-5      6.75409
    1.67253e-5      6.38505
     1.6902e-5      6.04174
    1.71405e-5      5.61989
    1.73823e-5      5.23563
    1.76275e-5      4.88347
    1.78762e-5      4.56028
    1.81284e-5      4.26345
    1.83842e-5      3.99038
    1.86436e-5       3.7388
    1.89066e-5       3.5067
    1.91733e-5      3.29299
    1.94438e-5      3.09437
    1.97182e-5      2.91029
    1.99963e-5      2.73951
    2.02785e-5      2.58088
    2.05645e-5      2.43335
    2.08547e-5        2.296
    2.11489e-5      2.16797
    2.14473e-5      2.04831
    2.17498e-5      1.93672
    2.20567e-5      1.83243
    2.23679e-5      1.73486
    2.26835e-5      1.64347
    2.30035e-5      1.55781
     2.3328e-5      1.47817
    2.36571e-5      1.40245
    2.41589e-5      1.29782
    2.46726e-5      1.20224
    2.50207e-5      1.14303
    2.55514e-5      1.06091
    2.59119e-5      1.00989
    2.64628e-5      0.93874
    2.70242e-5     0.873635
    2.75987e-5     0.813536
    2.81842e-5     0.758319
    2.87834e-5     0.707473
    2.93939e-5      0.66065
    3.00189e-5      0.61725
    3.06557e-5     0.577349
    3.13075e-5      0.54026
    3.19716e-5     0.506059
    3.26513e-5     0.474252
    3.33439e-5     0.444847
    3.40529e-5     0.417452
    3.47752e-5     0.392097
    3.55146e-5     0.368427
    3.62679e-5      0.34672
     3.7039e-5      0.32613
    3.78247e-5     0.306993
    3.86289e-5     0.289153
    3.97266e-5       0.2673
    4.05692e-5     0.252125
    4.14318e-5     0.237922
    4.23106e-5     0.224677
    4.32102e-5     0.212257
    4.41268e-5     0.200655
     4.5065e-5     0.189761
    4.60209e-5     0.179576
    4.69994e-5     0.170004
    4.79963e-5     0.161043
    4.90168e-5     0.152605
    5.00566e-5     0.144689
    5.14789e-5     0.134838
    5.25735e-5     0.127981
    5.40674e-5      0.11944
    5.56037e-5     0.111587
    5.71837e-5     0.104324
    5.88086e-5    0.0976015
    6.00561e-5    0.0929625
     6.1333e-5    0.0884671
    6.30758e-5    0.0829345
    6.48681e-5    0.0778073
    6.67114e-5    0.0730513
     6.8607e-5    0.0686392
    7.05565e-5    0.0645478
    7.25614e-5     0.060753
    7.46232e-5    0.0572265
    7.62061e-5    0.0547348
    7.83716e-5    0.0516314
    8.00379e-5    0.0494424
    8.23122e-5    0.0467005
    8.46511e-5     0.044151
    8.70565e-5    0.0417792
    8.95303e-5    0.0395718
    9.14294e-5    0.0380154
    9.40274e-5    0.0360726
    9.66992e-5     0.034263
   0.000100148    0.0321769
   0.000102994    0.0306534
   0.000105921    0.0292357
   0.000109694    0.0276195
   0.000112811     0.026436
   0.000116016    0.0253528
   0.000120155    0.0241277
   0.000124434    0.0230499
   0.000128873    0.0221129
   0.000133463    0.0213158
   0.000138224     0.020664
   0.000143147    0.0201701
   0.000147058    0.0198932
   0.000152303    0.0197026
   0.000154378    0.0196795
   0.000158765    0.0197492
   0.000162141    0.0199088
    0.00016558    0.0201731
     0.0001691    0.0205629
   0.000172687    0.0211003
   0.000175124    0.0215535
   0.000177594    0.0220949
     0.0001801    0.0227371
   0.000182641    0.0234955
   0.000185217    0.0243905
   0.000187603    0.0253511
   0.000189855    0.0263896
   0.000192108    0.0275736
    0.00019436     0.028925
   0.000196613    0.0304702
   0.000199429     0.032719
   0.000201118    0.0342702
   0.000202807    0.0360024
   0.000204497    0.0379313
   0.000206186    0.0400972
   0.000207876    0.0425238
   0.000209565    0.0452678
   0.000211254    0.0483655
   0.000212381    0.0506655
   0.000213507    0.0531769
   0.000214633    0.0559256
   0.000215759    0.0589414
   0.000216886    0.0622592
   0.000218012      0.06592
   0.000219138    0.0699717
   0.000220264    0.0744712
   0.000221391    0.0794859
   0.000222517    0.0850781
   0.000223362    0.0897165
   0.000224181     0.094656
   0.000224987    0.0999622
   0.000225794     0.105774
   0.000226511     0.111417
   0.000227227     0.117565
   0.000227944      0.12428
   0.000228661     0.131634
   0.000229535     0.141559
   0.000230117     0.148865
     0.0002307     0.156795
   0.000231327      0.16611
   0.000231999     0.177097
   0.000232671     0.189273
   0.000233343     0.202808
   0.000233993     0.217355
    0.00023462      0.23304
    0.00023509     0.245998
   0.000235561      0.26011
   0.000236031     0.275518
   0.000236502     0.292386
   0.000236972     0.310904
   0.000237442     0.331295
   0.000237913     0.353822
   0.000238383     0.378793
   0.000238854     0.406578
   0.000239324     0.437615
   0.000239638     0.460371
   0.000239951     0.484989
   0.000240265     0.511679
   0.000240579      0.54068
   0.000240892     0.572268
   0.000241206     0.606758
   0.000241575     0.651599
   0.000241945     0.701587
   0.000242191     0.738234
   0.000242438      0.77793
   0.000242684     0.821007
   0.000242931      0.86783
   0.000243177     0.918835
   0.000243446     0.979851
   0.000243715      1.04723
   0.000243984      1.12186
   0.000244252      1.20482
   0.000244521      1.29745
   0.000244756      1.38769
   0.000244975       1.4803
   0.000245193      1.58262
   0.000245395       1.6869
   0.000245608      1.80869
    0.00024582      1.94432
   0.000246005      2.07501
   0.000246168      2.20116
   0.000246325      2.33432
   0.000246481      2.48006
   0.000246649      2.65206
   0.000246795      2.81616
   0.000246941      2.99614
   0.000247109      3.22633
   0.000247221        3.395
   0.000247333      3.57738
   0.000247445      3.77501
   0.000247557      3.98967
   0.000247669      4.22337
   0.000247781      4.47846
   0.000247893      4.75765
   0.000248005       5.0641
   0.000248117      5.40152
   0.000248229      5.77428
   0.000248341      6.18753
   0.000248453      6.64743
   0.000248537      7.02737
   0.000248621      7.44133
   0.000248705      7.89359
   0.000248786      8.37525
   0.000248867      8.89561
   0.000248948      9.46693
   0.000249028      10.0962
   0.000249109      10.7918
   0.000249187       11.541
   0.000249261      12.3229
   0.000249335      13.1892
   0.000249409      14.1529
   0.000249483      15.2295
   0.000249532      16.0193
   0.000249602      17.2446
   0.000249669      18.5748
   0.000249714      19.5526
   0.000249759      20.6132
   0.000249803      21.7668
   0.000249848      23.0252
   0.000249893      24.4023
   0.000249936      25.8356
   0.000249976       27.321
   0.000250016      28.9477
   0.000250057      30.7357
   0.000250097      32.7088
   0.000250137      34.8955
   0.000250178      37.3301
   0.000250208      39.3434
   0.000250238      41.5398
   0.000250272      44.2243
   0.000250305      47.2027
   0.000250339      50.5195
   0.000250364      53.2604
   0.000250389       56.246
   0.000250414      59.5048
    0.00025044       63.068
   0.000250465      66.9712
    0.00025049      71.2529
   0.000250518       76.507
    0.00025054      81.1289
   0.000250563      86.1619
   0.000250585      91.6453
   0.000250608      97.6211
    0.00025063      104.134
   0.000250652      111.231
   0.000250675      118.961
   0.000250695      126.588
   0.000250723       137.87
    0.00025075       150.36
   0.000250778      164.159
   0.000250805      179.367
   0.000250833      196.076
   0.000250856      211.443
    0.00025088      227.992
   0.000250903      245.764
   0.000250926       264.79
   0.000250953      288.328
    0.00025098      313.571
   0.000251007      340.504
   0.000251043       378.96
   0.000251079      420.136
   0.000251123      474.944
   0.000251177      544.416
   0.000251285      686.914
   0.000251338      754.278
   0.000251374      795.582
    0.00025141       832.88
   0.000251446       865.26
   0.000251482      891.898
    0.00025151      908.144
   0.000251539      920.891
   0.000251575       929.73
   0.000251599      931.482
   0.000251629      928.972
   0.000251665      919.144
   0.000251694       905.86
   0.000251727      884.962
   0.000251761       858.57
   0.000251794      828.181
   0.000251837      782.253
    0.00025188      731.022
   0.000251944      647.887
   0.000252044      514.977
   0.000252087      460.327
    0.00025213      408.564
   0.000252168      366.202
   0.000252195      337.813
   0.000252222       311.07
   0.000252249      286.014
   0.000252276      262.659
   0.000252303      240.994
   0.000252324       224.53
   0.000252346      209.143
   0.000252368      194.798
    0.00025239      181.457
   0.000252412      169.074
   0.000252434      157.603
   0.000252456      146.996
   0.000252478      137.201
     0.0002525      128.213
   0.000252522      119.929
   0.000252544      112.301
   0.000252565      105.281
   0.000252587       98.824
   0.000252609      92.8855
   0.000252631      87.4238
   0.000252653      82.4002
   0.000252675       77.777
   0.000252697      73.5205
    0.00025272      69.3098
   0.000252747      64.9258
   0.000252774      60.9507
   0.000252801      57.3401
   0.000252828      54.0538
   0.000252854      51.0562
   0.000252881      48.3157
   0.000252908      45.8045
   0.000252944      42.7705
    0.00025298      40.0497
   0.000253018      37.4547
   0.000253058      34.9926
   0.000253099      32.7828
   0.000253139      30.7902
   0.000253179      28.9857
    0.00025322       27.345
    0.00025326      25.8477
     0.0002533      24.4766
   0.000253347      23.0173
   0.000253401      21.5108
   0.000253455      20.1534
   0.000253509      18.9252
   0.000253562      17.8098
   0.000253616      16.7931
    0.00025367      15.8636
   0.000253724      15.0111
   0.000253784      14.1338
   0.000253851      13.2481
   0.000253919      12.4448
   0.000253986      11.7138
   0.000254053      11.0465
    0.00025412      10.4354
   0.000254187      9.87449
   0.000254255       9.3582
   0.000254327      8.84384
   0.000254406      8.33648
   0.000254484      7.87201
   0.000254563      7.44566
   0.000254641      7.05335
   0.000254719       6.6915
   0.000254837      6.19919
   0.000254915      5.90078
   0.000255016      5.54797
   0.000255117      5.22608
   0.000255218      4.93158
   0.000255319      4.66144
   0.000255419      4.41301
    0.00025552      4.18402
   0.000255621      3.97249
   0.000255722      3.77668
   0.000255856      3.53744
   0.000255991      3.32034
   0.000256125      3.12275
   0.000256259       2.9424
   0.000256394      2.77732
   0.000256528      2.62581
   0.000256663      2.48638
   0.000256797      2.35775
   0.000256954      2.21988
   0.000257111      2.09373
   0.000257268      1.97802
   0.000257424      1.87164
   0.000257581      1.77363
   0.000257738      1.68312
   0.000257973      1.55983
   0.000258152      1.47477
   0.000258354      1.38715
   0.000258556      1.30711
   0.000258757       1.2338
   0.000258959       1.1665
    0.00025916      1.10455
   0.000259362      1.04742
   0.000259664     0.969684
   0.000259911     0.912569
   0.000260157     0.860356
   0.000260404       0.8125
    0.00026065     0.768535
   0.000260897     0.728067
   0.000261143     0.690758
   0.000261513     0.639992
   0.000261793     0.605126
   0.000262106     0.569311
    0.00026242     0.536572
   0.000262733     0.506578
   0.000263047     0.479031
   0.000263361     0.453674
   0.000263674     0.430279
   0.000264145     0.398444
   0.000264615     0.370018
   0.000265086     0.344534
   0.000265556     0.321599
   0.000266026     0.300884
   0.000266497     0.282112
   0.000266967     0.265048
   0.000267438      0.24949
   0.000267908     0.235268
   0.000268379     0.222232
   0.000268849     0.210255
   0.000269476      0.19576
   0.000270103     0.182726
   0.000270731     0.170938
   0.000271358      0.16026
    0.00027203       0.1499
   0.000272747     0.139926
   0.000273464     0.130926
    0.00027418     0.122793
   0.000274897     0.115384
   0.000275614     0.108631
   0.000276331     0.102459
   0.000277048    0.0968055
   0.000277765    0.0916128
   0.000278482    0.0868325
   0.000279198    0.0824222
   0.000280274    0.0764198
   0.000281349     0.071061
   0.000282424    0.0662558
   0.000283499    0.0619315
   0.000284575    0.0580253
    0.00028565    0.0544855
   0.000286776    0.0511221
   0.000287928    0.0480039
   0.000289079    0.0451736
   0.000289655    0.0439136
   0.000289885    0.0435258
       0.00029    0.0433786
       0.00029      15.7956
   0.000294091      15.6396
    0.00029824      15.4814
   0.000302448       15.321
   0.000306715      15.1583
   0.000310984      14.9955
   0.000315372      14.8437
   0.000319821      14.6898
   0.000324333      14.5338
   0.000328909      14.3755
   0.000331184      14.2968
   0.000335856      14.1527
   0.000340594      14.0065
     0.0003454      13.8583
   0.000350273       13.708
   0.000354284      13.5843
   0.000359282      13.4465
   0.000364351      13.3068
   0.000369491      13.1651
   0.000374704      13.0215
   0.000376449      12.9734
    0.00038176      12.8418
   0.000387146      12.7084
   0.000392608      12.5731
   0.000398147      12.4359
        0.0004        12.39
   0.000405643       12.264
   0.000411366      12.1362
    0.00041717      12.0066
   0.000423055      11.8751
   0.000429024      11.7419
    0.00043189      11.6779
   0.000437983      11.5565
   0.000444162      11.4334
   0.000450428      11.3086
   0.000455078      11.2159
   0.000461499      11.1004
    0.00046801      10.9833
   0.000474612      10.8645
   0.000481308       10.744
   0.000484554      10.6857
    0.00049139      10.5752
   0.000498323      10.4633
   0.000505353      10.3497
   0.000511526        10.25
   0.000518743      10.1449
   0.000526061      10.0384
   0.000533483      9.93039
   0.000541009      9.82084
   0.000541517      9.81345
   0.000549156      9.71389
   0.000556904      9.61292
   0.000564761      9.51053
   0.000572729      9.40669
   0.000579835      9.31408
   0.000588016       9.2201
   0.000596312      9.12479
   0.000604725      9.02814
   0.000613256      8.93012
   0.000621908      8.83072
   0.000623574      8.81158
   0.000632371      8.72314
   0.000641293      8.63345
   0.000650341       8.5425
   0.000659516      8.45026
    0.00066882      8.35672
   0.000673537       8.3093
   0.000683039      8.22553
   0.000692676      8.14057
   0.000702448      8.05441
   0.000712358      7.96704
   0.000722408      7.87844
   0.000723762       7.8665
   0.000733973      7.78684
   0.000744328      7.70605
    0.00075483      7.62412
   0.000765479      7.54104
   0.000773735      7.47663
   0.000784651       7.4006
   0.000795721       7.3235
   0.000806947      7.24531
   0.000818331      7.16602
   0.000823907      7.12719
   0.000835531      7.05441
   0.000847319      6.98061
   0.000859273      6.90576
   0.000871395      6.82986
   0.000873885      6.81427
   0.000886214      6.74464
   0.000898717      6.67404
   0.000911396      6.60243
   0.000924021      6.53114
   0.000937057      6.46591
   0.000950278      6.39977
   0.000963684      6.33269
    0.00097728      6.26467
   0.000991068      6.19569
         0.001        6.151
    0.00101411      6.09078
    0.00102842      6.02972
    0.00104292      5.96779
    0.00105764      5.90499
     0.0010657      5.87059
    0.00108073      5.81286
    0.00109598      5.75431
    0.00111144      5.69494
    0.00112712      5.63473
    0.00112977      5.62457
    0.00114571      5.56988
    0.00116187      5.51441
    0.00117826      5.45817
    0.00119489      5.40113
    0.00121174      5.34328
    0.00121337      5.33769
    0.00123049      5.28538
    0.00124785      5.23234
    0.00126546      5.17854
    0.00128331      5.12399
    0.00129159       5.0987
    0.00130981       5.0495
    0.00132829       4.9996
    0.00134703        4.949
    0.00136603      4.89769
     0.0013853      4.84565
    0.00139939       4.8076
    0.00141914      4.75976
    0.00143916      4.71123
    0.00145946      4.66203
    0.00146328      4.65278
    0.00148392       4.6078
    0.00150485      4.56219
    0.00152609      4.51593
    0.00154762      4.46902
    0.00156945      4.42145
    0.00158217      4.39375
    0.00160449      4.35136
    0.00162712      4.30838
    0.00165008      4.26479
    0.00167336      4.22059
    0.00169697      4.17576
     0.0017149      4.14171
    0.00173909      4.10086
    0.00176363      4.05943
    0.00178851      4.01741
    0.00181173      3.97821
    0.00183729      3.93934
    0.00186321      3.89992
    0.00188949      3.85995
    0.00191615      3.81942
    0.00193516       3.7905
    0.00196246       3.7524
    0.00199015      3.71375
         0.002          3.7
    0.00202822      3.66618
    0.00205683      3.63188
    0.00208585      3.59709
    0.00211528      3.56182
    0.00214512      3.52604
    0.00215115      3.51881
     0.0021815      3.48632
    0.00221228      3.45337
    0.00224349      3.41995
    0.00227514      3.38606
    0.00228641        3.374
    0.00231867      3.34303
    0.00235138      3.31162
    0.00238455      3.27977
    0.00241819      3.24746
    0.00244707      3.21974
    0.00248159      3.19031
     0.0025166      3.16046
    0.00255211      3.13018
    0.00258811      3.09948
    0.00262462      3.06835
    0.00263175      3.06228
    0.00266888      3.03411
    0.00270653      3.00554
    0.00274471      2.97657
    0.00278344       2.9472
    0.00280985      2.92716
    0.00284949      2.90023
    0.00288969      2.87293
    0.00293046      2.84524
     0.0029718      2.81715
         0.003        2.798
    0.00304232        2.774
    0.00308525      2.74965
    0.00312877      2.72497
    0.00317291      2.69994
    0.00321768      2.67455
    0.00322371      2.67113
    0.00326919      2.64787
    0.00331531      2.62429
    0.00336209      2.60037
    0.00340237      2.57977
    0.00345037       2.5578
    0.00349905      2.53552
    0.00354842      2.51293
    0.00359848      2.49002
    0.00364925      2.46678
     0.0036891      2.44855
    0.00374115       2.4277
    0.00379393      2.40655
    0.00384746      2.38511
    0.00390174      2.36336
    0.00395678      2.34131
         0.004        2.324
    0.00405643       2.3052
    0.00411366      2.28614
     0.0041717      2.26681
    0.00422949      2.24756
    0.00428916      2.22978
    0.00434967      2.21176
    0.00441103      2.19348
    0.00447327      2.17494
    0.00453637      2.15614
    0.00459863      2.13759
    0.00466351      2.12068
    0.00472931      2.10354
    0.00479603      2.08615
    0.00486369      2.06852
    0.00493231      2.05064
         0.005        2.033
    0.00507054      2.01815
    0.00514208      2.00308
    0.00521462      1.98781
    0.00528819      1.97232
     0.0053628      1.95661
    0.00543846      1.94068
    0.00547723      1.93252
     0.0055545       1.9184
    0.00563286      1.90408
    0.00571233      1.88956
    0.00579292      1.87484
    0.00587465       1.8599
    0.00595753      1.84476
         0.006        1.837
    0.00608465      1.82434
    0.00617049       1.8115
    0.00625755      1.79848
    0.00634583      1.78527
    0.00643536      1.77188
    0.00648074      1.76509
    0.00657217      1.75293
    0.00666489      1.74059
    0.00675892      1.72808
    0.00685428      1.71539
    0.00695098      1.70252
         0.007        1.696
    0.00709876      1.68516
    0.00719891      1.67418
    0.00730047      1.66303
    0.00740347      1.65173
    0.00750792      1.64027
    0.00761384      1.62865
    0.00772126      1.61686
    0.00773735       1.6151
    0.00784651       1.6047
    0.00795721      1.59416
    0.00806947      1.58346
    0.00818331      1.57262
    0.00823907      1.56731
    0.00835531      1.55764
    0.00847319      1.54783
    0.00859273      1.53789
    0.00871396       1.5278
    0.00883689      1.51757
    0.00896157       1.5072
         0.009        1.504
    0.00912697      1.49524
    0.00925574      1.48635
    0.00938632      1.47734
    0.00951875      1.46821
    0.00965304      1.45894
    0.00978922      1.44954
    0.00992733      1.44001
          0.01        1.435
     0.0101411      1.42717
     0.0102842      1.41923
     0.0104292      1.41117
     0.0105764        1.403
     0.0107256      1.39472
     0.0108769      1.38632
     0.0109051      1.38476
     0.0110589      1.37732
      0.011215      1.36977
     0.0113732      1.36212
     0.0115336      1.35437
     0.0116963       1.3465
     0.0118614      1.33852
     0.0120287      1.33043
     0.0121607      1.32405
     0.0123323      1.31684
     0.0125063      1.30954
     0.0126827      1.30213
     0.0128616      1.29462
     0.0130431        1.287
     0.0132271      1.27928
     0.0133221      1.27529
       0.01351       1.2684
     0.0137006      1.26142
     0.0138939      1.25434
     0.0140899      1.24715
     0.0142887      1.23987
     0.0144903      1.23248
     0.0146947      1.22499
     0.0147464       1.2231
     0.0149545      1.21653
     0.0151654      1.20987
     0.0153794      1.20311
     0.0155964      1.19625
     0.0158164      1.18931
     0.0160395      1.18226
     0.0162658      1.17511
     0.0164419      1.16955
     0.0166739      1.16322
     0.0169091       1.1568
     0.0171477      1.15028
     0.0173896      1.14368
     0.0176349      1.13698
     0.0178837      1.13019
     0.0181339      1.12336
     0.0183897      1.11728
     0.0186492      1.11111
     0.0189123      1.10486
     0.0191791      1.09852
     0.0194497      1.09208
     0.0197241      1.08556
          0.02        1.079
     0.0202822      1.07325
     0.0205683      1.06741
     0.0208585      1.06149
     0.0211528      1.05549
     0.0214512      1.04941
     0.0217538      1.04323
     0.0220607      1.03697
     0.0221336      1.03549
     0.0224459      1.02987
     0.0227626      1.02416
     0.0230837      1.01838
     0.0234094      1.01252
     0.0237396      1.00657
      0.023882      1.00401
     0.0242189     0.998703
     0.0245606     0.993322
     0.0249071     0.987865
     0.0252585     0.982331
     0.0256148     0.976718
     0.0259762     0.971027
     0.0263427     0.965255
     0.0267143     0.959402
     0.0267667     0.958577
     0.0271444     0.953511
     0.0275273     0.948373
     0.0279157     0.943163
     0.0283095     0.937879
     0.0287089     0.932521
      0.029114     0.927087
     0.0295247     0.921576
     0.0299413     0.915988
          0.03       0.9152
     0.0304232     0.910004
     0.0308525     0.904736
     0.0312877     0.899392
     0.0317292     0.893974
     0.0321768     0.888479
     0.0322371     0.887739
     0.0326919     0.882827
     0.0331531     0.877847
     0.0336209     0.872796
     0.0340952     0.867674
     0.0345762      0.86248
      0.035064     0.857212
     0.0355587      0.85187
     0.0359094     0.848084
      0.036416     0.843392
     0.0369298     0.838634
     0.0374508     0.833809
     0.0379791     0.828915
      0.038515     0.823953
     0.0390583     0.818921
     0.0396094     0.813818
          0.04       0.8102
     0.0405643     0.805596
     0.0411366     0.800928
      0.041717     0.796193
     0.0423055     0.791392
     0.0429024     0.786523
     0.0435077     0.781586
     0.0441215     0.776578
     0.0447214     0.771685
     0.0453523       0.7673
     0.0459921     0.762853
      0.046641     0.758344
      0.047299     0.753771
     0.0479663     0.749133
      0.048643      0.74443
     0.0493293     0.739661
          0.05        0.735
     0.0507054     0.730702
     0.0514208     0.726344
     0.0521462     0.721924
     0.0528819     0.717442
      0.053628     0.712896
     0.0543846     0.708287
     0.0547723     0.705925
      0.055545     0.701797
     0.0563286     0.697611
     0.0571233     0.693366
     0.0579292     0.689061
     0.0587465     0.684696
     0.0595753     0.680268
          0.06        0.678
     0.0608465     0.674117
     0.0617049     0.670179
     0.0625755     0.666186
     0.0634583     0.662136
     0.0643536     0.658029
     0.0652615     0.653864
     0.0661822     0.649641
     0.0671159     0.645358
     0.0673537     0.644267
     0.0683039       0.6405
     0.0692676     0.636681
     0.0702448     0.632807
     0.0712358     0.628879
     0.0722408     0.624895
     0.0723762     0.624358
     0.0733973     0.620828
     0.0744328     0.617248
      0.075483     0.613617
     0.0765479     0.609935
     0.0776278     0.606201
      0.078723     0.602415
     0.0798337     0.598575
          0.08        0.598
     0.0811287     0.594703
     0.0822732      0.59136
      0.083434      0.58797
     0.0846111     0.584532
     0.0858048     0.581045
     0.0870153     0.577509
     0.0873885     0.576419
     0.0886214     0.573313
     0.0898717     0.570164
     0.0911396      0.56697
     0.0924254     0.563731
     0.0937294     0.560446
     0.0948683     0.557577
     0.0962067     0.554558
     0.0975641     0.551496
     0.0989405      0.54839
           0.1        0.546
      0.101411     0.543355
      0.102842     0.540673
      0.104292     0.537953
      0.105764     0.535195
      0.107256     0.532397
      0.108769      0.52956
      0.109545     0.528107
       0.11109     0.525549
      0.112657     0.522954
      0.114247     0.520324
      0.115858     0.517656
      0.117493      0.51495
      0.119151     0.512206
          0.12       0.5108
      0.121693     0.508681
       0.12341     0.506532
      0.125151     0.504352
      0.126917     0.502142
      0.128707       0.4999
      0.130523     0.497627
      0.132364     0.495322
      0.134232     0.492984
      0.134707     0.492389
      0.136608     0.490239
      0.138535     0.488058
          0.14       0.4864
      0.141975     0.484731
      0.143978     0.483039
      0.146009     0.481322
      0.148069     0.479582
      0.150158     0.477817
      0.152277     0.476027
      0.154425     0.474211
      0.156604      0.47237
      0.158813     0.470503
          0.16     0.469501
      0.162257     0.468169
      0.164546     0.466818
      0.166868     0.465449
      0.169222      0.46406
       0.17161     0.462651
      0.174031     0.461223
      0.176486     0.459774
      0.178976     0.458305
          0.18     0.457701
      0.182539     0.456685
      0.185115     0.455655
      0.187726      0.45461
      0.190375     0.453551
      0.193061     0.452477
      0.195784     0.451387
      0.198547     0.450282
           0.2     0.449701
      0.202822     0.449176
      0.205683     0.448644
      0.208585     0.448104
      0.211528     0.447557
      0.214512     0.447002
      0.217538     0.446439
      0.220607     0.445868
       0.22372     0.445289
      0.226876     0.444702
      0.230077     0.444107
      0.233323     0.443503
      0.236615     0.442891
      0.239953      0.44227
      0.243338     0.441641
      0.246771     0.441002
          0.25     0.440401
           0.3     0.440202
           0.3     0.440199
      0.349984        0.445
          0.35     0.444967
      0.357023     0.430439
      0.364434     0.463461
      0.373674     0.506247
      0.385256       0.5612
           0.4     0.633708
       0.43025     0.729505
          0.45     0.793005
           0.5     0.913405
          0.55      1.01031
       0.55388      1.01631
           0.6      1.09131
          0.65       1.1625
       0.65917      1.17382
       0.68597      1.20786
           0.7      1.22568
      0.704938      1.23122
          0.75      1.28369
      0.765946       1.3005
           0.8      1.33726
      0.811287      1.34834
          0.85       1.3872
      0.853502      1.38379
      0.886186      1.46618
           0.9      1.50466
          0.95      1.59034
             1      1.66258
           1.2      1.87418
        1.2582      1.87905
       1.27928      1.89813
           1.4      2.08219
       1.44976      2.10492
       1.56139      2.17559
           1.6       2.2001
       1.63402       2.2315
       1.64195      2.23876
       1.70378       2.3472
       1.71386      2.36888
           1.8      2.56926
             2      2.60324
       2.01411      2.60487
           2.2      2.62295
       2.21552      2.62402
           2.4      2.63454
       2.43386      2.63604
           2.6      2.64199
       2.63668       2.6433
           2.8      2.64791
       2.85953      2.64951
             3      2.65256
       3.02116      2.65322
       3.20808      2.65716
          3.25      2.65851
       3.27293      2.65855
       3.49211      2.66122
           3.5       2.6612
        3.6484      2.66129
          3.75      2.66197
       3.77645      2.66139
       3.96374      2.65858
             4      2.65819
       4.15219      2.65332
          4.25      2.65078
       4.27998      2.64908
       4.40406      2.64262
           4.5      2.63799
       4.62331      2.62938
          4.75      2.62137
       4.78351      2.61841
       4.82012       2.6153
        4.8734      2.61078
             5      2.60063
       5.12057      2.58812
        5.2129      2.57895
       5.35453      2.56549
           5.5      2.55227
        5.5388      2.54821
       5.62095      2.53944
       5.74847      2.52637
       5.83707      2.51758
        5.9726      2.50455
             6      2.50191
       6.12127      2.49034
        6.2489      2.47854
       6.33745      2.47058
       6.47268      2.45876
           6.5      2.45638
       6.62155      2.44649
       6.74928      2.43639
       6.83777      2.42957
       6.99449      2.41779
             7      2.41738
       7.06279      2.41295
       7.12179      2.40879
        7.2496          2.4
       7.33805      2.39406
       7.44562      2.38695
           7.5       2.3834
       7.56075      2.38035
       7.66825      2.37503
       7.78512      2.36938
       7.89183      2.36434
             8      2.35933
       8.12217      2.35422
       8.25012      2.34898
       8.33851      2.34542
       8.44582      2.34116
           8.5      2.33905
       8.52742      2.33808
       8.56095       2.3369
       8.66866      2.33317
       8.78557      2.32918
       8.92795       2.3244
             9        2.322
       9.12248      2.31838
       9.21543      2.31565
       9.35663      2.31156
           9.5      2.30746
       9.66899      2.30323
       9.78593      2.30033
       9.96406      2.29597
            10      2.29509
       10.1411      2.28634
       10.1727      2.28437
       10.3163       2.2755
       10.3196      2.27529
       10.4652      2.26631
       10.4856      2.26505
       10.5682      2.25997
       10.6336      2.26164
       10.6665      2.26249
        10.817      2.26637
        10.832      2.26675
       10.9848      2.27071
            11      2.27111
       11.1552      2.26763
       11.2266      2.26603
        11.385       2.2625
       11.4152      2.26182
       11.5762      2.25825
       11.6207      2.25726
       11.7846      2.25363
       11.8722      2.25169
            12      2.24888
       12.1693      2.24548
       12.2425      2.24401
       12.4153      2.24056
       12.4277      2.24031
        12.603      2.23681
       12.7106      2.23466
       12.8899       2.2311
            13      2.22891
       13.1834      2.22521
       13.2431      2.22401
       13.4299      2.22025
       13.6163       2.2165
       13.8084      2.21265
            14       2.2088
       14.1975      2.20507
       14.2436       2.2042
       14.4445      2.20041
       14.6169      2.19715
       14.8231      2.19327
       14.8356      2.19303
            15      2.18993
       15.0322      2.18934
        15.244      2.18541
        15.459      2.18142
       15.6174      2.17849
       15.8378      2.17441
            16      2.17141
       16.2257      2.16744
       16.2443      2.16712
       16.4735       2.1631
       16.6179      2.16057
       16.8523      2.15646
            17      2.15388
       17.0901      2.15239
       17.2447      2.14983
        17.488       2.1458
       17.6183      2.14365
       17.8668      2.13954
            18      2.13734
       18.1189       2.1357
       18.1221      2.13565
       18.3777      2.13212
       18.4309      2.13139
       18.5979      2.12908
       18.6909      2.12781
       18.7133       2.1275
       18.9773      2.12389
            19      2.12358
        19.245      2.12026
       19.2452      2.12026
       19.5167      2.11658
       19.5719      2.11583
        19.848      2.11209
       19.8563      2.11198
            20      2.11003
