#ZVView-data-copy:  31-Jul-2018 05:18:46
#=======================================
#
#name:   JENDL-4.0: XE-128(N,NON)
#X.axis: Incident Energy
#Y.axis: Cross Section
#wdata:  2
#ldata:  3327
#data...
#            X            Y
#          MeV        barns
         1e-11      261.829
   1.10304e-11        249.3
   1.21669e-11      237.371
   1.34206e-11      226.012
   1.48034e-11      215.198
   1.63287e-11        204.9
   1.80111e-11      195.095
   1.98669e-11       185.76
   2.19139e-11      176.871
   2.41719e-11      168.408
   2.66625e-11      160.349
   2.94097e-11      152.676
     3.244e-11      145.371
   3.57825e-11      138.415
   3.94694e-11      131.791
   4.35362e-11      125.485
   4.80221e-11       119.48
   5.29701e-11      113.763
    5.8428e-11      108.319
   6.44483e-11      103.136
   7.10888e-11      98.2011
   7.84136e-11      93.5021
   8.64931e-11      89.0279
   9.54051e-11      84.7678
   1.05235e-10      80.7116
   1.16078e-10      76.8495
   1.28039e-10      73.1721
   1.41231e-10      69.6708
   1.55784e-10      66.3369
   1.71835e-10      63.1626
    1.8954e-10      60.1402
    2.0907e-10      57.2624
   2.30612e-10      54.5224
   2.54374e-10      51.9134
   2.80584e-10      49.4293
   3.09494e-10       47.064
   3.41383e-10      44.8119
   3.76558e-10      42.6676
   4.15358e-10      40.6259
   4.58155e-10      38.6819
   5.05362e-10      36.8309
   5.57433e-10      35.0685
   6.14869e-10      33.3904
   6.78223e-10      31.7926
   7.48105e-10      30.2712
   8.25188e-10      28.8227
   9.10213e-10      27.4434
      1.004e-9      26.1302
    1.10745e-9      24.8798
    1.22155e-9      23.6892
    1.34742e-9      22.5556
    1.48625e-9      21.4763
    1.63939e-9      20.4485
    1.80831e-9        19.47
    1.99463e-9      18.5383
    2.20016e-9      17.6511
    2.42685e-9      16.8064
    2.67691e-9      16.0022
    2.95273e-9      15.2364
    3.25697e-9      14.5072
    3.59256e-9       13.813
    3.96272e-9      13.1519
    4.37103e-9      12.5226
    4.82141e-9      11.9233
    5.31819e-9      11.3529
    5.86616e-9      10.8099
    6.47059e-9       10.293
     7.1373e-9      9.80089
    7.87271e-9      9.33239
    8.68389e-9      8.88616
    9.57865e-9      8.46103
    1.05656e-8      8.05599
    1.16543e-8      7.67019
    1.28551e-8      7.30294
    1.41796e-8      6.95343
    1.56406e-8      6.62081
    1.72522e-8      6.30405
    1.90298e-8      6.00221
    2.09906e-8       5.7146
    2.31534e-8      5.44073
    2.52419e-8      5.21047
       2.53e-8      5.20447
    2.79068e-8      4.95509
    3.07823e-8      4.71766
     3.3954e-8      4.49182
    3.74525e-8      4.27707
    4.13115e-8       4.0724
    4.55681e-8      3.87707
    5.02633e-8      3.69095
    5.54423e-8      3.51375
    6.11549e-8      3.34509
    6.74561e-8      3.18478
    7.44066e-8      3.03258
    8.26521e-8      2.87701
    9.11684e-8      2.73866
    1.00562e-7      2.60693
    1.10924e-7      2.48153
    1.22353e-7      2.36215
     1.3496e-7       2.2485
    1.48866e-7       2.1407
    1.65354e-7      2.03085
    1.82392e-7      1.93288
    2.01185e-7      1.83958
    2.21915e-7      1.75075
     2.4478e-7      1.66616
    2.70002e-7       1.5856
    2.97822e-7      1.50902
    3.30826e-7      1.43128
    3.64913e-7      1.36177
    4.02512e-7      1.29559
    4.43986e-7      1.23256
    4.89733e-7      1.17249
    5.40194e-7      1.11527
     5.9168e-7      1.06489
    6.57249e-7      1.00917
    7.24969e-7       0.9596
    7.99668e-7     0.912363
    8.82063e-7     0.867257
    9.72949e-7     0.824302
     1.0732e-6     0.783339
    1.18378e-6     0.744291
     1.2966e-6     0.709925
    1.42025e-6     0.676695
    1.55562e-6      0.64494
    1.70397e-6     0.614508
    1.86637e-6      0.58529
    2.05868e-6     0.555295
     2.2708e-6     0.526589
    2.50478e-6     0.499248
    2.80184e-6     0.469558
    3.06904e-6     0.446461
    3.33816e-6     0.425979
    3.63089e-6      0.40626
    3.97696e-6      0.38565
    4.38673e-6     0.364533
    4.77141e-6     0.347123
    5.22643e-6     0.328882
    5.72456e-6     0.311493
    6.27048e-6     0.294743
    6.86813e-6     0.278807
    7.31523e-6     0.268043
    7.84603e-6      0.25638
    8.47428e-6     0.244005
    9.08917e-6     0.233109
    9.74868e-6     0.222554
    1.05298e-5     0.211292
    1.14532e-5     0.199452
    1.24575e-5     0.188052
    1.35499e-5     0.177112
    1.50508e-5     0.164004
    1.63706e-5     0.153989
    1.76823e-5     0.145145
    1.89653e-5     0.137382
     2.0199e-5     0.130619
    2.15139e-5      0.12407
    2.29133e-5     0.117736
    2.45759e-5     0.110911
    2.63591e-5      0.10439
    2.82717e-5    0.0980876
    3.03231e-5    0.0920742
    3.25233e-5    0.0862936
    3.43979e-5    0.0819106
    3.61275e-5    0.0781143
    3.84775e-5    0.0734548
    4.09823e-5    0.0690029
    4.36481e-5    0.0647497
    4.61639e-5    0.0611354
    4.91691e-5     0.057243
    5.20031e-5    0.0539658
    5.53858e-5    0.0504534
    5.85781e-5    0.0474844
    6.19545e-5    0.0446902
    6.55254e-5    0.0420218
    6.88201e-5     0.039839
    7.17742e-5    0.0380379
    7.48551e-5    0.0363254
     7.8615e-5    0.0344311
    8.25679e-5    0.0326544
     8.7327e-5     0.030763
    9.17134e-5     0.029228
    9.63249e-5    0.0278231
    0.00010046     0.026728
   0.000103314    0.0260234
   0.000108504    0.0249182
   0.000113959    0.0239515
   0.000118851    0.0232432
   0.000123953    0.0226508
   0.000129273    0.0222078
   0.000133878    0.0219499
   0.000137682    0.0218449
     0.0001405    0.0218133
    0.00014524     0.021895
   0.000149346    0.0221108
   0.000152514    0.0223508
   0.000156848    0.0228507
   0.000160183    0.0233512
    0.00016358     0.024019
   0.000165888    0.0245549
     0.0001678     0.025049
   0.000170167    0.0257605
   0.000172568    0.0265946
   0.000175003    0.0275708
   0.000177472    0.0286957
   0.000179976    0.0300324
   0.000182464    0.0315619
   0.000184395    0.0329244
   0.000186169    0.0343281
   0.000187961    0.0359119
   0.000189942    0.0378758
   0.000191471    0.0395865
   0.000193334    0.0419309
   0.000195375    0.0448683
   0.000196749    0.0471024
   0.000198021    0.0493914
    0.00019978    0.0529328
    0.00020095    0.0555789
    0.00020212    0.0584978
    0.00020329    0.0617227
    0.00020446    0.0652919
    0.00020563    0.0692609
     0.0002068    0.0736845
    0.00020797    0.0786408
   0.000208848    0.0827557
   0.000209725    0.0872598
   0.000210602    0.0922041
    0.00021148     0.097648
   0.000212357     0.103661
   0.000213235     0.110325
   0.000214113     0.117712
    0.00021499     0.125977
   0.000215867     0.135246
   0.000216452     0.142062
   0.000217038     0.149455
   0.000217622     0.157493
   0.000218208     0.166246
   0.000218792     0.175784
   0.000219377     0.186256
   0.000219962     0.197765
   0.000220548     0.210449
   0.000221133      0.22447
   0.000221717     0.240026
   0.000222303     0.257348
   0.000222741     0.271664
    0.00022318     0.287268
   0.000223619     0.304318
   0.000224057        0.323
   0.000224496     0.343529
   0.000224935     0.366158
   0.000225374     0.391183
   0.000225788     0.417334
    0.00022619     0.445392
   0.000226592     0.476467
   0.000226995     0.510996
   0.000227397     0.549437
   0.000227665     0.577558
   0.000227982     0.613791
   0.000228299     0.653663
   0.000228616     0.697652
   0.000228932     0.746345
   0.000229176     0.787434
    0.00022942     0.832085
   0.000229688      0.88582
   0.000229968     0.947868
    0.00023023      1.01206
   0.000230492      1.08312
   0.000230687      1.14105
   0.000230931      1.22035
   0.000231169      1.30601
     0.0002314      1.39859
   0.000231577      1.47611
    0.00023176      1.56338
   0.000231943      1.65872
   0.000232126      1.76317
   0.000232308      1.87793
   0.000232491       2.0044
   0.000232674      2.14425
   0.000232857      2.29944
    0.00023304      2.47231
   0.000233222      2.66566
   0.000233344      2.80758
   0.000233466      2.96127
   0.000233588      3.12807
    0.00023371      3.30953
   0.000233832      3.50744
   0.000233954      3.72384
   0.000234076      3.96114
   0.000234197      4.22213
   0.000234319      4.51011
   0.000234441      4.82896
   0.000234563      5.18328
   0.000234655      5.47559
   0.000234746      5.79366
   0.000234837      6.14066
   0.000234929      6.52023
   0.000235018      6.92791
   0.000235108      7.37563
   0.000235197      7.86889
   0.000235287      8.41418
   0.000235377      9.01919
   0.000235458      9.62569
   0.000235534      10.2597
   0.000235611      10.9597
   0.000235688      11.7356
   0.000235765       12.599
    0.00023584      13.5475
   0.000235913      14.5743
   0.000235987      15.7259
   0.000236035      16.5737
   0.000236084      17.4943
   0.000236133      18.4966
   0.000236182      19.5909
   0.000236228      20.7269
   0.000236272      21.9009
   0.000236316      23.1824
    0.00023636      24.5858
   0.000236403      26.1278
   0.000236447      27.8286
   0.000236491      29.7122
   0.000236535      31.8076
   0.000236574      33.8761
   0.000236608      35.8692
   0.000236642      38.0577
   0.000236676      40.4691
   0.000236711      43.1357
   0.000236745      46.0953
   0.000236779      49.3925
   0.000236804      52.1179
    0.00023683      55.0871
   0.000236854      58.1675
   0.000236879      61.5216
   0.000236903      65.1793
   0.000236928      69.1736
   0.000236952      73.5407
   0.000236976      78.3201
   0.000237001      83.5548
   0.000237025      89.2913
   0.000237044       94.275
   0.000237064      99.6386
   0.000237083       105.41
   0.000237103      111.619
   0.000237122      118.295
   0.000237142       125.47
   0.000237161      133.174
   0.000237181       141.44
   0.000237204      152.143
   0.000237228      163.752
   0.000237251      176.318
   0.000237275      189.887
   0.000237304      208.321
   0.000237333      228.454
   0.000237362       250.33
   0.000237392      273.966
   0.000237421      299.351
    0.00023745      326.431
   0.000237489      365.011
   0.000237528      406.089
   0.000237587      471.249
   0.000237684      583.039
   0.000237743      646.738
   0.000237782      685.516
   0.000237821      720.039
    0.00023786      749.257
   0.000237889      767.124
   0.000237918      781.152
   0.000237947      791.077
   0.000237977      796.708
   0.000237999      798.049
   0.000238027      796.029
   0.000238058      789.193
   0.000238089      777.668
   0.000238121      760.829
   0.000238156      737.345
   0.000238191      709.127
   0.000238226       676.89
   0.000238273      629.018
    0.00023832      577.336
   0.000238431      450.179
   0.000238472          405
   0.000238517      358.079
   0.000238552      323.693
   0.000238587      291.624
   0.000238613      269.183
    0.00023864      248.159
    0.00023867      225.428
   0.000238701      204.608
   0.000238721      191.763
   0.000238742      179.719
   0.000238762      168.451
   0.000238783      157.927
   0.000238803      148.115
    0.00023883       136.49
   0.000238856       125.91
   0.000238882      116.296
   0.000238909      107.574
   0.000238935      99.6671
   0.000238961       92.504
   0.000238988      86.0163
   0.000239014      80.1393
    0.00023904       74.954
   0.000239065      70.2383
   0.000239091      65.9454
   0.000239116      62.0326
   0.000239142      58.4609
   0.000239168      55.1952
   0.000239193       52.204
   0.000239219      49.4592
   0.000239253      46.1392
   0.000239287      43.1599
   0.000239316      40.8432
   0.000239346      38.7195
   0.000239385      36.1517
   0.000239423      33.8465
   0.000239462      31.7679
   0.000239501       29.886
   0.000239541      28.1755
    0.00023958      26.6154
   0.000239623      25.0176
   0.000239672      23.4128
   0.000239721      21.9639
    0.00023977      20.6504
   0.000239818      19.4554
   0.000239867      18.3645
   0.000239916      17.3656
   0.000239965      16.4483
   0.000240019      15.5028
    0.00024008      14.5471
   0.000240141       13.679
   0.000240202      12.8879
   0.000240263      12.1648
   0.000240324      11.5019
   0.000240385      10.8926
   0.000240446      10.3312
   0.000240517      9.73345
   0.000240597      9.11503
   0.000240678      8.55441
   0.000240758      8.04453
   0.000240838      7.57936
   0.000240919      7.15376
   0.000240999      6.76332
    0.00024108      6.40422
   0.000241169      6.03959
   0.000241266      5.67486
   0.000241364      5.34239
   0.000241461      5.03848
   0.000241559      4.75992
   0.000241656      4.50396
   0.000241754      4.26822
   0.000241851       4.0506
   0.000241955       3.8372
   0.000242065      3.62921
   0.000242174      3.43775
   0.000242284       3.2611
   0.000242448      3.02071
   0.000242613      2.80604
   0.000242778      2.61357
   0.000242936      2.44645
   0.000243094      2.29498
   0.000243253      2.15725
   0.000243411       2.0316
    0.00024357      1.91661
   0.000243728      1.81108
   0.000243887      1.71401
   0.000244045      1.62453
   0.000244216      1.53579
   0.000244386      1.45415
   0.000244557      1.37885
   0.000244813      1.27645
   0.000245069      1.18507
   0.000245325      1.10319
    0.00024552      1.04638
   0.000245739     0.987577
   0.000245958      0.93361
   0.000246178     0.883963
   0.000246397     0.838185
   0.000246617     0.795886
   0.000246946     0.738218
   0.000247165       0.7032
   0.000247433     0.663696
   0.000247701     0.627446
   0.000247969     0.594107
   0.000248238     0.563397
   0.000248506     0.535067
   0.000248908      0.49644
    0.00024931     0.461801
   0.000249749     0.427995
   0.000250187     0.397797
   0.000250626     0.370712
   0.000251065     0.346328
   0.000251504     0.324297
   0.000251943     0.304326
   0.000252381     0.286166
    0.00025282     0.269606
   0.000253259     0.254462
   0.000253698     0.240579
   0.000254282     0.223796
   0.000254867     0.208741
   0.000255452     0.195183
   0.000256038     0.182932
   0.000256623     0.171824
   0.000257207     0.161729
   0.000257793     0.152541
   0.000258377     0.144118
   0.000258963      0.13639
   0.000259547     0.129288
   0.000260133     0.122745
    0.00026101     0.113858
   0.000261693     0.107624
   0.000262375     0.101925
   0.000263058    0.0966778
   0.000264033    0.0898865
    0.00026491    0.0843995
   0.000265788    0.0794284
   0.000266665    0.0749109
   0.000267543    0.0707939
    0.00026842    0.0670319
   0.000269297    0.0635854
   0.000270175    0.0604203
   0.000271345    0.0565868
   0.000272515    0.0531411
   0.000273685    0.0500332
   0.000274855    0.0472207
   0.000275923    0.0448816
   0.000277371     0.042014
   0.000278818    0.0394704
   0.000280081    0.0374519
   0.000280861    0.0362848
   0.000282421    0.0341547
      0.000284    0.0322202
    0.00028558     0.030481
   0.000287642    0.0284632
   0.000289222    0.0270867
   0.000291006    0.0256855
   0.000292928    0.0243505
   0.000293957    0.0236769
   0.000296016    0.0224639
   0.000298104    0.0213708
   0.000300192    0.0203989
   0.000302246    0.0195464
     0.0003043    0.0187873
    0.00030625    0.0181439
     0.0003082    0.0175689
   0.000311125    0.0168259
    0.00031405    0.0162046
   0.000316921    0.0157143
   0.000319685    0.0153407
    0.00032245    0.0150705
   0.000324673    0.0149308
   0.000325974    0.0148707
   0.000328578    0.0148385
   0.000331506    0.0149318
   0.000333835    0.0151234
    0.00033589    0.0153965
   0.000337294     0.015647
   0.000338694    0.0159578
    0.00034009    0.0163337
   0.000341594     0.016833
   0.000342803    0.0173167
   0.000344013    0.0178865
   0.000345337    0.0186287
   0.000346662    0.0195212
   0.000347727    0.0203624
   0.000348793    0.0213415
   0.000349866     0.022501
   0.000350592    0.0233998
   0.000351319    0.0244068
   0.000352045    0.0255388
   0.000352769    0.0268125
   0.000353491     0.028249
   0.000354213    0.0298813
   0.000354935    0.0317398
    0.00035548    0.0333217
   0.000356032    0.0351143
   0.000356584    0.0371243
   0.000357137    0.0393825
   0.000357689    0.0419311
   0.000358241    0.0448215
    0.00035876    0.0479036
   0.000359105    0.0501879
   0.000359451    0.0526776
   0.000359797    0.0554001
   0.000360143    0.0583928
   0.000360488    0.0616933
   0.000360834     0.065341
   0.000361137    0.0688689
    0.00036153     0.073943
   0.000361791    0.0776952
   0.000362053    0.0817842
   0.000362314    0.0862516
   0.000362575    0.0911455
   0.000362837    0.0965218
   0.000363098     0.102446
   0.000363393      0.10986
   0.000363687     0.118193
   0.000363883     0.124338
   0.000364079     0.131019
   0.000364275     0.138303
   0.000364471     0.146263
   0.000364667     0.154984
   0.000364896     0.166255
   0.000365125     0.178887
   0.000365277     0.188178
    0.00036543     0.198258
   0.000365582     0.209219
   0.000365735      0.22117
   0.000365887     0.234232
   0.000366018      0.24642
   0.000366149     0.259633
   0.000366279     0.273989
    0.00036641     0.289626
   0.000366541       0.3067
   0.000366672     0.325397
   0.000366802      0.34593
   0.000366933     0.368549
   0.000367035     0.387772
   0.000367136     0.408595
   0.000367238     0.431203
    0.00036734     0.455809
   0.000367441     0.482657
   0.000367543     0.512033
   0.000367645     0.544272
   0.000367746     0.579767
   0.000367826     0.610239
   0.000367906     0.643269
   0.000367986     0.679159
   0.000368066     0.718258
   0.000368146     0.760972
   0.000368226     0.807772
   0.000368306     0.859215
   0.000368385     0.915953
   0.000368451     0.966855
   0.000368516      1.02232
   0.000368582      1.08295
   0.000368647      1.14942
   0.000368712      1.22255
   0.000368778      1.30332
   0.000368843      1.39293
   0.000368908      1.49282
   0.000368959      1.57878
    0.00036901      1.67312
   0.000369061      1.77716
   0.000369112      1.89252
   0.000369163       2.0213
   0.000369201      2.12828
   0.000369239      2.24576
   0.000369277      2.37554
   0.000369315      2.51986
   0.000369345      2.64527
   0.000369375      2.78307
   0.000369405       2.9353
   0.000369435      3.10438
   0.000369465      3.29327
   0.000369495      3.50548
   0.000369525      3.74527
   0.000369545      3.92291
   0.000369565      4.11679
   0.000369585      4.32885
   0.000369605      4.56128
   0.000369625      4.81654
   0.000369642      5.05745
   0.000369664      5.39205
   0.000369685      5.76455
   0.000369707      6.17978
   0.000369729      6.64321
   0.000369751      7.16082
   0.000369773      7.73932
   0.000369787      8.16237
   0.000369802      8.61808
   0.000369816      9.10891
   0.000369831      9.63752
   0.000369845      10.2067
    0.00036986      10.8194
   0.000369877      11.6077
   0.000369892      12.3499
   0.000369907      13.1496
   0.000369922      14.0107
   0.000369937      14.9373
   0.000369952      15.9651
   0.000369969      17.1394
   0.000369985      18.4083
   0.000370004      20.0161
   0.000370018       21.254
   0.000370036      23.0275
   0.000370052      24.7508
    0.00037007      26.8152
   0.000370089      29.0461
    0.00037011      31.9556
   0.000370127      34.3128
   0.000370145      37.1168
   0.000370163      40.1238
   0.000370181      43.3417
   0.000370198      46.4422
    0.00037022      50.8951
   0.000370242      55.6914
   0.000370265      61.2357
    0.00037029       67.408
   0.000370314      74.0293
   0.000370336      80.2931
   0.000370365      89.1922
   0.000370394      98.7007
   0.000370423      108.789
    0.00037046       122.15
   0.000370503       139.13
   0.000370561      162.933
   0.000370663      205.405
   0.000370715      226.158
   0.000370755      240.567
   0.000370791      252.686
   0.000370825      262.643
   0.000370856       270.62
   0.000370888      277.424
   0.000370916      281.969
   0.000370954      286.064
    0.00037098      287.548
      0.000371       287.89
   0.000371037      286.707
   0.000371065      284.207
   0.000371093      280.455
   0.000371123      274.999
   0.000371158      267.023
   0.000371188      258.782
   0.000371223       247.92
   0.000371265      233.275
   0.000371314      214.497
   0.000371389       183.37
   0.000371469      150.058
   0.000371508       134.29
   0.000371552        117.6
   0.000371587      105.032
   0.000371613      96.1252
   0.000371639      87.6949
   0.000371665      79.7603
   0.000371684       74.243
   0.000371706      68.5224
   0.000371727      63.1332
   0.000371748      58.0727
   0.000371769      53.3357
    0.00037179       48.915
   0.000371811      44.8022
   0.000371832      40.9867
   0.000371849      38.1348
   0.000371868      35.1277
   0.000371887      32.3367
   0.000371906      29.7521
   0.000371925      27.3633
   0.000371944      25.1599
   0.000371963       23.131
   0.000371982      21.2665
   0.000372001      19.5558
    0.00037202      17.9888
   0.000372039      16.5555
   0.000372054      15.5474
    0.00037207      14.4942
   0.000372087      13.5214
   0.000372103      12.6237
   0.000372119      11.7958
   0.000372136      11.0327
   0.000372152      10.3298
   0.000372168      9.68269
   0.000372185      9.08704
   0.000372201      8.53895
   0.000372217      8.03472
   0.000372234      7.57087
    0.00037225       7.1441
   0.000372266      6.75143
   0.000372283      6.38997
   0.000372299      6.05716
   0.000372317      5.71798
   0.000372337      5.37859
   0.000372357      5.07093
   0.000372377      4.79165
   0.000372397      4.53774
   0.000372417      4.30648
   0.000372437      4.09546
   0.000372457      3.90249
   0.000372487      3.64275
   0.000372517      3.41366
   0.000372547       3.2105
   0.000372577      3.02931
   0.000372607      2.86679
    0.00037264      2.70758
   0.000372678      2.54191
   0.000372716      2.39433
   0.000372754      2.26184
   0.000372792       2.1421
    0.00037283      2.03322
   0.000372881      1.90234
   0.000372932      1.78526
   0.000372983      1.67981
   0.000373034      1.58428
   0.000373092      1.48552
    0.00037315      1.39633
   0.000373208      1.31541
   0.000373266       1.2417
   0.000373324      1.17432
   0.000373382      1.11252
    0.00037344      1.05568
   0.000373498      1.00326
   0.000373571     0.943253
   0.000373644     0.888659
   0.000373716     0.838831
   0.000373789     0.793214
   0.000373861     0.751337
   0.000373934     0.712792
   0.000374007     0.677228
   0.000374079     0.644339
   0.000374174     0.605145
   0.000374268     0.569518
   0.000374363     0.537029
   0.000374457     0.507313
   0.000374551     0.480059
   0.000374646     0.454997
    0.00037474     0.431896
   0.000374835     0.410555
   0.000374951     0.386446
   0.000375067     0.364455
   0.000375183     0.344338
   0.000375299     0.325888
   0.000375416     0.308924
   0.000375532      0.29329
   0.000375706     0.272038
    0.00037584     0.257244
   0.000375993     0.241914
   0.000376145     0.227961
   0.000376298     0.215225
   0.000376451     0.203567
   0.000376603      0.19287
   0.000376756      0.18303
   0.000376908     0.173956
   0.000377075     0.164805
   0.000377257     0.155689
   0.000377438     0.147345
    0.00037762     0.139686
   0.000377801     0.132642
   0.000378074     0.123091
   0.000378346     0.114596
   0.000378553     0.108752
   0.000378785     0.102741
   0.000379018    0.0972498
    0.00037925    0.0922196
   0.000379483     0.087601
   0.000379715    0.0833502
   0.000380064    0.0775818
   0.000380296    0.0740943
   0.000380586    0.0700894
   0.000380877    0.0664351
   0.000381168    0.0630917
   0.000381458    0.0600249
   0.000381894    0.0558792
    0.00038233    0.0522068
    0.00038262    0.0499886
   0.000382998    0.0473463
   0.000383375    0.0449411
   0.000383753    0.0427437
   0.000384131    0.0407326
   0.000384697    0.0380219
   0.000385264     0.035628
   0.000385849     0.033437
   0.000386471    0.0313778
   0.000387093    0.0295596
   0.000387715    0.0279404
   0.000388337    0.0264885
   0.000388959    0.0251848
   0.000389698    0.0238011
   0.000390437    0.0225732
   0.000391177    0.0214787
   0.000391916    0.0204986
   0.000392772    0.0194873
   0.000393627    0.0185894
   0.000394483     0.017794
   0.000395338     0.017077
   0.000396622     0.016129
   0.000397907    0.0153168
   0.000399248    0.0145872
   0.000400702    0.0139075
   0.000402156    0.0133273
   0.000403356    0.0129048
   0.000404785    0.0124613
   0.000406405    0.0120258
   0.000408215    0.0116155
   0.000409119    0.0114267
   0.000411443    0.0110155
   0.000413767    0.0106789
   0.000416953    0.0103142
   0.000420071    0.0100439
   0.000422128     0.009904
   0.000425106   0.00975023
   0.000428083   0.00963788
   0.000431738    0.0095573
   0.000435381   0.00953013
   0.000439988   0.00956777
   0.000442987   0.00962671
   0.000447376   0.00977207
   0.000451552   0.00997411
   0.000455728    0.0102433
   0.000459724    0.0105754
   0.000463107    0.0109171
   0.000465159    0.0111602
   0.000467976    0.0115424
   0.000470793    0.0119898
   0.000473304    0.0124554
   0.000475815    0.0129966
   0.000478272    0.0136182
    0.00047991    0.0140931
   0.000481549    0.0146261
   0.000483292    0.0152719
   0.000484216    0.0156446
   0.000486064    0.0164845
   0.000487675    0.0173332
   0.000489286      0.01832
   0.000490776    0.0193789
   0.000492025    0.0203887
   0.000493274     0.021552
   0.000494121    0.0224424
   0.000494984    0.0234462
   0.000495846    0.0245651
   0.000496709    0.0258172
   0.000497591    0.0272608
   0.000498268    0.0284994
   0.000498945    0.0298699
   0.000499622    0.0313848
   0.000500298    0.0330822
   0.000500949    0.0349139
   0.000501549    0.0367976
   0.000502148    0.0389021
   0.000502748    0.0412654
   0.000503347    0.0439352
   0.000503946    0.0469654
   0.000504496    0.0501132
   0.000504862    0.0524455
   0.000505228    0.0549969
   0.000505595    0.0577948
   0.000505961    0.0608706
   0.000506327    0.0642624
   0.000506694     0.068016
   0.000507018    0.0716893
   0.000507301    0.0751934
   0.000507584    0.0790148
   0.000507867    0.0831935
    0.00050815    0.0877758
   0.000508434    0.0928157
   0.000508717    0.0983778
      0.000509     0.104539
   0.000509249     0.110548
   0.000509466     0.116247
   0.000509682     0.122462
   0.000509899     0.129256
   0.000510115     0.136704
   0.000510332     0.144895
   0.000510548     0.153934
   0.000510765     0.163944
   0.000510956     0.173726
   0.000511123     0.183036
   0.000511289      0.19319
   0.000511456     0.204292
   0.000511622     0.216467
   0.000511789      0.22986
   0.000511955      0.24464
   0.000512122     0.261008
   0.000512263     0.276348
   0.000512438     0.297379
   0.000512554     0.312856
   0.000512671     0.329655
   0.000512788     0.347932
   0.000512904     0.367869
   0.000513021     0.389678
   0.000513137     0.413605
   0.000513275     0.444923
   0.000513366      0.46794
   0.000513458     0.492899
   0.000513549     0.520029
   0.000513641       0.5496
   0.000513732     0.581921
   0.000513824     0.617357
   0.000513903     0.650792
   0.000514003     0.697306
   0.000514103     0.749323
    0.00051417     0.787515
   0.000514236     0.828901
   0.000514303     0.873867
   0.000514369     0.922867
   0.000514436     0.976435
   0.000514503      1.03521
   0.000514569      1.09996
   0.000514636      1.17163
   0.000514702      1.25141
   0.000514752      1.31747
   0.000514802      1.38973
   0.000514852      1.46919
   0.000514902      1.55711
   0.000514935      1.62117
   0.000514983      1.72223
   0.000515031      1.83578
   0.000515067      1.93073
   0.000515103       2.0356
   0.000515139       2.1521
   0.000515175      2.28228
   0.000515211      2.42863
   0.000515247      2.59415
   0.000515271      2.71688
   0.000515294      2.85096
   0.000515318      2.99778
   0.000515347        3.196
   0.000515377      3.41866
   0.000515399      3.60391
    0.00051542      3.80672
   0.000515442      4.02351
   0.000515462      4.24877
   0.000515482      4.49449
   0.000515507       4.8207
   0.000515524      5.07921
   0.000515545         5.41
   0.000515569      5.82946
   0.000515589      6.21063
    0.00051561      6.64901
   0.000515631      7.12891
   0.000515651      7.64039
   0.000515671      8.18368
   0.000515691      8.79122
   0.000515712      9.47113
   0.000515731      10.1554
   0.000515749      10.8343
   0.000515766      11.5647
   0.000515784      12.3497
   0.000515803      13.2701
   0.000515824      14.3474
   0.000515845      15.5162
   0.000515866      16.7821
   0.000515887      18.1515
   0.000515907      19.6302
   0.000515928      21.2246
   0.000515949      22.9406
    0.00051597      24.7845
   0.000515991       26.762
   0.000516011      28.8791
   0.000516032      31.1409
   0.000516053       33.553
   0.000516074      36.1198
   0.000516095      38.8457
   0.000516115      41.7343
    0.00051614      45.3882
   0.000516169      49.9245
   0.000516198      54.7846
   0.000516226      59.9684
   0.000516257      65.9238
   0.000516291      72.7216
   0.000516324      79.9158
   0.000516357      87.4766
   0.000516404       98.603
   0.000516464      113.629
   0.000516607      150.538
   0.000516658      162.973
    0.00051671      174.845
   0.000516752       183.53
    0.00051679      190.526
   0.000516835      197.623
   0.000516875      202.617
   0.000516907      205.683
   0.000516952      208.526
   0.000516993      209.524
      0.000517      209.545
   0.000517037      208.902
   0.000517069      207.358
   0.000517101      204.919
   0.000517133      201.619
    0.00051717      196.741
   0.000517206      191.067
   0.000517246      183.759
   0.000517292      174.234
   0.000517346      161.832
   0.000517416      144.432
   0.000517546      110.925
   0.000517596      98.4645
   0.000517646      86.5864
    0.00051769       76.801
   0.000517721      70.2081
   0.000517752      63.9704
   0.000517783      58.1028
   0.000517815      52.6142
   0.000517846      47.5079
   0.000517873       43.329
   0.000517901      39.4407
   0.000517928      35.8363
   0.000517956      32.5077
   0.000517976      30.1861
   0.000517997      28.0091
   0.000518018      25.9716
   0.000518038      24.0683
   0.000518059      22.2935
   0.000518082      20.4173
   0.000518107        18.59
   0.000518132      16.9226
   0.000518149      15.8945
   0.000518166      14.9297
   0.000518182      14.0251
   0.000518199      13.1777
   0.000518215      12.3845
   0.000518232      11.6426
   0.000518249      10.9493
   0.000518265      10.3019
   0.000518282      9.69764
   0.000518299      9.13408
   0.000518315      8.60874
   0.000518332      8.11928
   0.000518353       7.5545
   0.000518374      7.03814
   0.000518394      6.56624
   0.000518415      6.13515
   0.000518436       5.7414
   0.000518457      5.38182
   0.000518478      5.05339
   0.000518498      4.75339
   0.000518519      4.47923
    0.00051854      4.22859
   0.000518561      3.99929
   0.000518582      3.78935
   0.000518603      3.59695
   0.000518623      3.42044
   0.000518644       3.2583
   0.000518665      3.10918
    0.00051869      2.94565
   0.000518715      2.79713
    0.00051874      2.66191
   0.000518765      2.53848
   0.000518802      2.37254
    0.00051884      2.22631
   0.000518877      2.09658
   0.000518915      1.98077
   0.000518952      1.87671
    0.00051899      1.78265
    0.00051904      1.67033
   0.000519081      1.58637
   0.000519131      1.49531
   0.000519181      1.41322
   0.000519231      1.33874
   0.000519264      1.29277
   0.000519331       1.2085
   0.000519398      1.13307
   0.000519464      1.06514
   0.000519531      1.00363
   0.000519597       0.9477
   0.000519681     0.884569
   0.000519764     0.827942
   0.000519847     0.776912
    0.00051993     0.730736
   0.000520014     0.688796
   0.000520097     0.650574
    0.00052018     0.615631
   0.000520263     0.583592
   0.000520372     0.545764
    0.00052048      0.51171
   0.000520588     0.480937
   0.000520696     0.453027
   0.000520804     0.427631
   0.000520913     0.404449
   0.000521021     0.383229
   0.000521129     0.363751
   0.000521262     0.341897
   0.000521396     0.322101
   0.000521529     0.304113
   0.000521662     0.287718
   0.000521795     0.272734
   0.000521928     0.259004
   0.000522062     0.246391
   0.000522195     0.234778
   0.000522361     0.221513
   0.000522528     0.209478
   0.000522694     0.198527
   0.000522861     0.188535
   0.000523027     0.179395
   0.000523194     0.171014
   0.000523444     0.159692
   0.000523652     0.151259
   0.000523901     0.142175
   0.000524151      0.13407
   0.000524401     0.126813
   0.000524651     0.120294
     0.0005249     0.114422
    0.00052515     0.109118
     0.0005254     0.104316
   0.000525691    0.0992712
   0.000526024    0.0941457
   0.000526357    0.0896134
    0.00052669    0.0855964
   0.000527023    0.0820294
   0.000527356    0.0788571
   0.000527689    0.0760332
   0.000528189    0.0723668
   0.000528641    0.0695634
   0.000529092    0.0671813
   0.000529544    0.0651592
   0.000529996      0.06345
   0.000530448    0.0620218
     0.0005309    0.0608521
   0.000531577    0.0595417
   0.000532163    0.0587828
   0.000532884    0.0582812
   0.000533244    0.0582013
    0.00053391    0.0583383
   0.000534576    0.0588343
   0.000535242     0.059686
   0.000535908    0.0608994
   0.000536574    0.0624893
    0.00053724    0.0644798
   0.000537906    0.0669052
   0.000538572    0.0698118
   0.000539238    0.0732598
   0.000539904    0.0773265
   0.000540348    0.0804286
   0.000540792    0.0838826
   0.000541236    0.0877289
    0.00054168    0.0920198
   0.000542124    0.0968174
   0.000542568      0.10219
   0.000543012      0.10822
   0.000543456     0.115004
     0.0005439      0.12266
   0.000544316     0.130765
   0.000544732     0.139922
    0.00054501     0.146698
   0.000545287     0.154084
   0.000545565     0.162151
   0.000545843     0.170983
    0.00054612      0.18068
   0.000546453     0.193617
   0.000546786     0.208199
   0.000547008     0.218973
    0.00054723     0.230706
   0.000547452     0.243513
   0.000547674     0.257528
   0.000547896     0.272909
   0.000548167     0.293764
   0.000548347     0.309133
   0.000548527     0.325831
   0.000548708     0.344017
   0.000548888     0.363874
   0.000549068     0.385619
   0.000549249     0.409503
   0.000549405     0.432127
   0.000549603     0.463751
     0.0005498     0.499187
   0.000549932      0.52524
   0.000550064      0.55349
   0.000550196     0.584192
   0.000550328     0.617639
   0.000550446     0.650169
   0.000550602     0.697505
   0.000550758     0.750435
   0.000550862     0.789285
   0.000550966      0.83136
    0.00055107     0.877037
   0.000551174     0.926747
   0.000551288     0.986689
   0.000551413      1.05926
   0.000551509      1.12047
   0.000551608      1.18994
   0.000551719      1.27629
   0.000551826      1.36966
   0.000551906      1.44604
   0.000552003      1.54843
   0.000552104      1.66702
    0.00055217      1.75268
   0.000552239      1.85062
   0.000552308      1.95754
   0.000552378      2.07464
   0.000552447       2.2034
   0.000552516      2.34556
   0.000552586      2.50328
   0.000552655      2.67923
   0.000552707      2.82517
   0.000552759      2.98502
   0.000552811      3.16096
   0.000552863      3.35563
   0.000552915      3.57234
   0.000552967      3.81521
   0.000553019      4.08943
   0.000553054      4.29282
   0.000553089      4.51534
   0.000553123      4.75975
   0.000553158      5.02923
   0.000553193      5.32751
   0.000553227      5.65893
   0.000553262      6.02855
   0.000553297      6.44219
   0.000553323      6.78535
   0.000553349      7.16025
   0.000553375      7.57049
   0.000553401      8.01999
   0.000553427      8.51307
   0.000553453      9.05454
   0.000553479       9.6496
   0.000553505      10.3039
   0.000553531      11.0238
   0.000553557      11.8158
    0.00055358      12.5782
   0.000553603      13.4075
   0.000553626      14.3091
   0.000553649       15.289
   0.000553671      16.3536
   0.000553694      17.5091
   0.000553717      18.7626
    0.00055374      20.1211
   0.000553763      21.5919
   0.000553786      23.1825
   0.000553801      24.3133
   0.000553829      26.5221
   0.000553857      28.9399
   0.000553884      31.5807
   0.000553912      34.4584
    0.00055394      37.5865
   0.000553968       40.978
   0.000553995      44.6447
   0.000554023      48.5977
   0.000554048      52.4082
   0.000554073      56.4642
   0.000554098      60.7703
   0.000554123      65.3294
   0.000554161      72.6456
   0.000554198      80.5309
   0.000554223       86.098
   0.000554259      94.5616
   0.000554295      103.497
   0.000554349      117.693
   0.000554413      135.304
   0.000554583      184.377
   0.000554649      202.587
   0.000554707      217.016
   0.000554758      228.319
   0.000554805      237.159
   0.000554845      243.444
   0.000554885      248.413
   0.000554925      252.015
   0.000554967      254.136
      0.000555      254.651
   0.000555039      253.913
   0.000555075      251.908
   0.000555115      248.312
   0.000555155      243.311
   0.000555195      236.999
   0.000555238      229.041
   0.000555284      218.885
   0.000555344      204.103
   0.000555411      186.023
   0.000555597      132.477
   0.000555655      116.402
   0.000555703      103.702
   0.000555744      93.7639
   0.000555777      85.9832
    0.00055581      78.6293
   0.000555844      71.7173
   0.000555877      65.2552
    0.00055591      59.2444
   0.000555938      54.5775
   0.000555966      50.2161
   0.000555993      46.1533
   0.000556021        42.38
   0.000556049      38.8857
   0.000556077       35.659
   0.000556104      32.6872
   0.000556132       29.957
   0.000556158      27.6048
   0.000556184      25.4414
    0.00055621      23.4556
   0.000556236      21.6356
   0.000556262      19.9703
   0.000556288      18.4488
   0.000556314      17.0602
    0.00055634      15.7945
   0.000556366      14.6418
   0.000556392      13.5928
    0.00055641      12.9467
   0.000556433      12.1543
   0.000556456      11.4257
   0.000556478      10.7558
   0.000556501      10.1399
   0.000556524      9.57343
   0.000556547       9.0523
    0.00055657      8.57265
   0.000556593      8.13095
   0.000556616      7.72384
    0.00055665      7.17151
   0.000556684      6.68108
   0.000556719      6.24444
   0.000556753      5.85454
    0.00055679      5.48193
   0.000556831      5.10814
   0.000556873      4.77771
   0.000556915        4.484
   0.000556956      4.22147
   0.000556998      3.98552
    0.00055704      3.77234
   0.000557081      3.57875
   0.000557137      3.34663
   0.000557192      3.13965
   0.000557255      2.93191
   0.000557307      2.77601
   0.000557359      2.63353
   0.000557428      2.46158
   0.000557497       2.3073
   0.000557567      2.16812
   0.000557636      2.04197
   0.000557706      1.92716
   0.000557775      1.82229
   0.000557858      1.70791
   0.000557942      1.60445
   0.000558025      1.51052
   0.000558108      1.42493
   0.000558191      1.34668
   0.000558274      1.27495
   0.000558358      1.20899
   0.000558441      1.14819
   0.000558552      1.07424
   0.000558663      1.00742
   0.000558774     0.946832
   0.000558885     0.891711
   0.000558996     0.841409
   0.000559107     0.795371
   0.000559218     0.753124
   0.000559329     0.714256
   0.000559468     0.669888
   0.000559607     0.629656
   0.000559745     0.593054
   0.000559884     0.559656
   0.000560023     0.529096
   0.000560161     0.501058
     0.0005603     0.475271
   0.000560439     0.451501
   0.000560619     0.423277
     0.0005608     0.397727
    0.00056098      0.37452
   0.000561161     0.353373
   0.000561341     0.334045
   0.000561521      0.31633
   0.000561702     0.300051
   0.000561882     0.285057
   0.000562099     0.268558
   0.000562315      0.25353
   0.000562532     0.239802
   0.000562749     0.227228
   0.000562965     0.215683
   0.000563182     0.205057
   0.000563507     0.190636
   0.000563766     0.180319
   0.000564066     0.169448
   0.000564366     0.159629
   0.000564666     0.150725
   0.000564966      0.14262
   0.000565266     0.135218
   0.000565566     0.128439
   0.000565866     0.122218
   0.000566225      0.11542
   0.000566644      0.10829
   0.000567063     0.101899
   0.000567482    0.0961488
   0.000567901    0.0909579
    0.00056832    0.0862563
   0.000568739    0.0819849
   0.000569157    0.0780933
     0.0005696    0.0743501
   0.000570065    0.0707673
    0.00057053    0.0675085
   0.000570996    0.0645365
   0.000571694    0.0605494
   0.000572392    0.0570565
    0.00057309    0.0539712
   0.000573821    0.0511041
   0.000574552    0.0485649
   0.000575283    0.0463091
   0.000576015    0.0443011
   0.000576989    0.0419491
    0.00057791    0.0400143
   0.000578831    0.0383194
   0.000579751    0.0368302
   0.000580672    0.0355183
   0.000581592    0.0343602
   0.000582973    0.0328696
   0.000584354    0.0316281
   0.000585735    0.0305941
   0.000587116    0.0297348
   0.000588612    0.0289727
   0.000590338    0.0282843
   0.000592064      0.02775
   0.000594481    0.0272314
   0.000597012    0.0269362
   0.000599084    0.0268464
   0.000601385    0.0268994
   0.000603687     0.027072
   0.000606449    0.0274504
    0.00060921    0.0279878
   0.000611972    0.0286831
   0.000614734    0.0295266
   0.000617496    0.0305256
   0.000620258    0.0316777
   0.000623019    0.0329975
   0.000625781    0.0344887
   0.000628543    0.0361736
   0.000631305    0.0380621
   0.000634067     0.040186
   0.000636828    0.0425628
    0.00063959    0.0452371
   0.000642352    0.0482367
   0.000645114    0.0516252
   0.000646955    0.0541224
   0.000648796    0.0568361
   0.000650637      0.05979
   0.000652479    0.0629906
    0.00065432    0.0665093
   0.000656161    0.0703639
   0.000658002    0.0745906
   0.000659786    0.0790979
   0.000661512    0.0838902
   0.000663353    0.0895347
   0.000664878      0.09468
   0.000666719     0.101543
   0.000668301     0.108088
    0.00066997     0.115735
   0.000671639     0.124261
   0.000673192      0.13311
   0.000674343     0.140311
   0.000675494     0.148132
   0.000676644     0.156648
   0.000677795     0.165943
   0.000679176     0.178269
   0.000680557     0.192049
   0.000681477     0.202165
   0.000682513     0.214551
   0.000683549     0.228136
   0.000684585     0.243079
    0.00068562     0.259568
   0.000686656     0.277821
   0.000687691     0.298102
   0.000688468     0.314827
   0.000689245      0.33302
   0.000689763     0.346051
   0.000690707     0.371869
   0.000691414     0.393195
   0.000692122     0.416413
    0.00069283     0.441781
   0.000693537     0.469585
   0.000694228     0.499338
   0.000694918     0.532028
   0.000695609     0.568061
   0.000696299     0.607908
    0.00069699     0.652126
    0.00069768     0.701378
   0.000698371     0.756456
   0.000698831     0.796875
   0.000699291     0.840635
   0.000699751     0.888113
   0.000700212     0.939741
   0.000700672     0.996017
   0.000701086      1.05111
   0.000701639      1.13198
   0.000702191      1.22257
   0.000702559      1.28914
   0.000702927      1.36129
   0.000703296      1.43966
   0.000703664      1.52493
   0.000704101      1.63632
   0.000704481      1.74321
   0.000704861      1.86095
    0.00070524      1.99107
    0.00070562      2.13531
   0.000705995      2.29373
   0.000706361      2.46576
   0.000706727      2.65766
   0.000706971      2.79814
   0.000707215      2.94992
   0.000707459      3.11426
   0.000707703      3.29261
   0.000708018      3.54652
   0.000708308      3.80655
   0.000708598      4.09579
   0.000708888      4.41867
   0.000709082       4.6552
   0.000709275      4.91086
   0.000709537      5.29216
   0.000709786      5.69486
   0.000710035      6.14402
     0.0007102      6.47276
   0.000710366      6.82774
   0.000710532      7.21172
   0.000710697      7.62778
   0.000710918      8.23855
   0.000711066      8.68556
   0.000711213      9.16816
    0.00071136      9.68997
   0.000711507       10.255
   0.000711655      10.8679
   0.000711802      11.5335
    0.00071194      12.2105
   0.000712069      12.8932
   0.000712198      13.6297
   0.000712327       14.425
   0.000712456      15.2845
   0.000712585      16.2142
   0.000712713      17.2203
   0.000712842      18.3096
   0.000713008      19.8441
    0.00071316      21.3955
   0.000713312      23.0982
   0.000713464       24.964
   0.000713616      27.0033
   0.000713768      29.2241
   0.000713919      31.6302
   0.000714071      34.2196
   0.000714274      37.9387
   0.000714527      42.9348
   0.000714987      52.3169
    0.00071516      55.5937
   0.000715333      58.5248
   0.000715448      60.2144
   0.000715582      61.8561
   0.000715716      63.0861
   0.000715851      63.8591
   0.000715985       64.146
   0.000715993      64.1473
   0.000716129       63.903
   0.000716258        63.21
   0.000716403      61.9245
   0.000716548      60.1568
   0.000716693      57.9788
   0.000716838      55.4733
   0.000717031      51.7737
   0.000717583      40.5281
   0.000717804      36.2877
    0.00071797      33.3233
   0.000718136      30.5701
   0.000718302      28.0368
   0.000718467      25.7223
   0.000718633      23.6184
   0.000718799      21.7126
   0.000718964      19.9903
    0.00071913      18.4354
   0.000719296      17.0323
   0.000719461      15.7657
   0.000719627      14.6214
   0.000719747      13.8637
   0.000719876      13.1062
   0.000720005      12.4045
   0.000720133      11.7536
   0.000720327      10.8634
    0.00072052       10.065
   0.000720714      9.34704
   0.000720879      8.78825
   0.000721045      8.27596
   0.000721211      7.80542
   0.000721376      7.37242
   0.000721542      6.97324
   0.000721708      6.60459
   0.000721873      6.26354
   0.000722039       5.9475
   0.000722233      5.60733
   0.000722426      5.29483
   0.000722619      5.00717
   0.000722812      4.74187
   0.000723006      4.49674
   0.000723296      4.16263
   0.000723586      3.86382
   0.000723834       3.6321
   0.000724083       3.4202
   0.000724331      3.22598
    0.00072458      3.04762
   0.000724829      2.88353
   0.000725077      2.73228
   0.000725326      2.59255
   0.000725574      2.46318
   0.000725896      2.30923
   0.000726219      2.16906
   0.000726541       2.0411
   0.000726863        1.924
   0.000727185      1.81659
   0.000727508      1.71786
    0.00072783       1.6269
   0.000728152      1.54292
    0.00072852      1.45462
   0.000728888      1.37363
   0.000729257      1.29918
   0.000729625      1.23058
   0.000729993      1.16725
   0.000730545      1.08098
   0.000731098      1.00388
   0.000731558     0.945725
   0.000732018     0.892456
   0.000732479      0.84354
   0.000732939     0.798519
   0.000733399     0.756991
    0.00073386     0.718604
    0.00073455     0.666252
   0.000735033     0.632933
    0.00073554      0.60067
   0.000736299     0.556761
   0.000737059     0.517396
   0.000737818     0.481996
   0.000738578     0.450067
   0.000739314     0.422003
   0.000740039     0.396883
   0.000740764     0.374005
   0.000741489     0.353074
   0.000742214     0.333786
   0.000742985     0.314933
   0.000743848     0.295656
   0.000744711      0.27809
   0.000745574     0.262039
   0.000746437     0.247334
     0.0007473     0.233828
   0.000748451      0.21747
   0.000749602     0.202765
   0.000750753     0.189497
   0.000751903     0.177486
   0.000753054     0.166579
   0.000754205     0.156643
   0.000755356     0.147568
   0.000756506     0.139257
   0.000757657     0.131627
   0.000758808     0.124605
   0.000759959     0.118129
   0.000761109     0.112143
   0.000762835     0.103981
   0.000764562    0.0966756
   0.000766403     0.089699
   0.000767784    0.0849738
   0.000769165    0.0805991
   0.000771236    0.0746263
   0.000773307    0.0692946
   0.000775379    0.0645149
    0.00077745    0.0602124
   0.000779521    0.0563248
   0.000781593    0.0528001
   0.000783664    0.0495951
   0.000785735     0.046673
   0.000787807    0.0440022
   0.000789878     0.041555
    0.00079195    0.0393068
   0.000794711    0.0365815
   0.000797473      0.03413
   0.000800235    0.0319173
   0.000802997    0.0299131
   0.000805758    0.0280923
    0.00080852     0.026433
   0.000811282    0.0249169
   0.000814044    0.0235279
   0.000817266    0.0220496
   0.000819107    0.0212693
    0.00082279    0.0198266
   0.000826472    0.0185244
   0.000830154     0.017347
   0.000833837    0.0162791
   0.000837519    0.0153075
   0.000841202    0.0144211
   0.000844884    0.0136101
   0.000848566    0.0128663
   0.000852249    0.0121824
   0.000855931    0.0115523
   0.000859614    0.0109704
   0.000863296     0.010432
   0.000866978   0.00993281
   0.000872502   0.00925153
   0.000878026   0.00863578
   0.000883549   0.00808359
   0.000889073   0.00758121
   0.000894596   0.00712756
   0.000901041   0.00664852
   0.000905644   0.00633493
   0.000911167   0.00598891
   0.000916691    0.0056714
   0.000922214   0.00537939
   0.000927738   0.00511024
   0.000933262   0.00486166
   0.000938785   0.00463163
   0.000944309   0.00441847
   0.000951674   0.00415764
   0.000959038   0.00392052
   0.000966403   0.00370448
   0.000973768   0.00350717
   0.000981133   0.00332654
   0.000988498   0.00316084
   0.000995862   0.00300853
    0.00100323    0.0028683
    0.00101059   0.00273897
    0.00101796   0.00261952
    0.00102532   0.00250907
    0.00103637    0.0023592
    0.00104742   0.00222424
    0.00105846   0.00210474
    0.00106951   0.00199697
    0.00108056   0.00190156
     0.0010916    0.0018157
    0.00110238   0.00174187
    0.00111315   0.00167579
     0.0011241   0.00161736
    0.00113543   0.00156449
    0.00114675    0.0015204
    0.00115789   0.00148429
    0.00116894   0.00145702
    0.00117998   0.00143742
    0.00119402   0.00142604
    0.00119683   0.00142545
    0.00120525   0.00142882
    0.00121368   0.00143878
     0.0012221   0.00145745
    0.00122992   0.00148273
    0.00123745   0.00151698
    0.00124247   0.00154559
    0.00124749   0.00157975
     0.0012525   0.00162031
    0.00125752   0.00166831
    0.00126003   0.00169485
    0.00126505   0.00175643
    0.00127006   0.00182929
    0.00127508    0.0019155
    0.00127884   0.00199085
    0.00128261    0.0020771
    0.00128637   0.00217643
    0.00129013   0.00229077
    0.00129295   0.00238852
    0.00129578   0.00249822
     0.0012986   0.00262179
    0.00130142   0.00276153
    0.00130424    0.0029203
    0.00130678   0.00308226
    0.00130917   0.00325468
    0.00131156   0.00344754
    0.00131395   0.00366869
    0.00131554   0.00383337
    0.00131714   0.00401394
    0.00131873   0.00421252
    0.00132033   0.00443165
    0.00132192   0.00467431
    0.00132351   0.00494409
    0.00132496    0.0052158
    0.00132626   0.00548483
    0.00132755   0.00578087
    0.00132885   0.00610794
    0.00133019   0.00648207
    0.00133156   0.00691219
    0.00133259    0.0072686
    0.00133362   0.00766041
    0.00133466   0.00809231
    0.00133571   0.00858239
    0.00133679   0.00913349
    0.00133786   0.00974876
    0.00133893    0.0104387
       0.00134    0.0112158
    0.00134101    0.0120429
     0.0013419    0.0128633
     0.0013428    0.0137837
    0.00134369    0.0148199
    0.00134429    0.0155849
    0.00134488    0.0164176
    0.00134548    0.0173264
    0.00134601    0.0182174
    0.00134655     0.019186
    0.00134708    0.0202417
    0.00134762    0.0213955
    0.00134815      0.02266
    0.00134869    0.0240501
    0.00134923     0.025583
    0.00134976    0.0272788
    0.00135032     0.029245
    0.00135088    0.0314485
    0.00135125    0.0330693
    0.00135162    0.0348275
    0.00135199     0.036739
    0.00135237    0.0388221
    0.00135274    0.0410981
    0.00135321    0.0442797
    0.00135352    0.0466226
    0.00135383    0.0491672
    0.00135414    0.0519377
    0.00135446    0.0549619
    0.00135477    0.0582719
    0.00135508    0.0619051
    0.00135536    0.0654083
    0.00135571    0.0704355
    0.00135595    0.0741304
    0.00135619    0.0781365
    0.00135643      0.08249
    0.00135667     0.087233
     0.0013569    0.0924137
    0.00135714    0.0980882
    0.00135743     0.105768
    0.00135763     0.111418
    0.00135782     0.117549
    0.00135801      0.12422
    0.00135821     0.131495
     0.0013584     0.139453
    0.00135859     0.148184
    0.00135876     0.156635
    0.00135899     0.168836
    0.00135914     0.177811
    0.00135929     0.187551
    0.00135943     0.198148
    0.00135958     0.209707
    0.00135973     0.222351
    0.00135988     0.236225
    0.00136006     0.254742
    0.00136018      0.26838
     0.0013603     0.283199
    0.00136042     0.299345
    0.00136054     0.316988
    0.00136065     0.336333
    0.00136077      0.35762
    0.00136089     0.379597
    0.00136099     0.402135
    0.00136109      0.42692
     0.0013612     0.454303
     0.0013613     0.484721
    0.00136141     0.518731
    0.00136148     0.547022
    0.00136156     0.578114
    0.00136164     0.612492
    0.00136171     0.645032
    0.00136177     0.677771
    0.00136183     0.713742
    0.00136189     0.753495
    0.00136195     0.797669
    0.00136201     0.847071
    0.00136208      0.90265
    0.00136214     0.965592
    0.00136218      1.01233
    0.00136222      1.06344
    0.00136226      1.11948
     0.0013623      1.18108
    0.00136234      1.24091
    0.00136238      1.32748
    0.00136243      1.42478
    0.00136248      1.53441
    0.00136251      1.61519
    0.00136254       1.7028
    0.00136257      1.79789
    0.00136261      1.90116
    0.00136264      2.01329
    0.00136267      2.13509
     0.0013627       2.2674
    0.00136273      2.41119
    0.00136276      2.56732
     0.0013628      2.73686
    0.00136283       2.9209
    0.00136287      3.17005
    0.00136291      3.44534
    0.00136294      3.74934
    0.00136298      4.08449
    0.00136302      4.45358
    0.00136306      4.83935
     0.0013631      5.24992
    0.00136313      5.69705
    0.00136316      6.06744
    0.00136319      6.46207
    0.00136323      7.02812
    0.00136326      7.54671
     0.0013633       8.2376
    0.00136333       8.8033
    0.00136336      9.56001
     0.0013634      10.3113
    0.00136343      11.0468
    0.00136347      12.0031
    0.00136351      13.2185
    0.00136355      14.2991
     0.0013636      15.6726
    0.00136364      17.1452
    0.00136368      18.7183
    0.00136373      20.3913
    0.00136377      22.1635
    0.00136383      24.6772
    0.00136389      27.3544
    0.00136395      30.1832
    0.00136404       34.671
    0.00136416      40.9863
    0.00136437      52.2305
    0.00136447      57.4241
    0.00136455      60.9163
    0.00136461      63.7682
    0.00136466      65.3904
    0.00136473      67.8826
     0.0013648      69.4987
    0.00136487      70.9011
    0.00136492      71.5413
    0.00136497      71.8463
      0.001365      71.8848
    0.00136506      71.6842
    0.00136512      70.9927
    0.00136518      69.9974
    0.00136524      68.5264
    0.00136531      66.3578
    0.00136538      64.1092
    0.00136545      61.1437
    0.00136553      57.2407
    0.00136562      52.5031
    0.00136582      42.2404
    0.00136594      35.7222
    0.00136602      31.6222
    0.00136609       28.235
    0.00136615       25.246
     0.0013662      23.1316
    0.00136625      21.1324
     0.0013663      19.2523
    0.00136635      17.4032
    0.00136639      16.1316
    0.00136643       14.932
    0.00136647      13.8035
     0.0013665      12.7444
    0.00136654      11.7532
    0.00136658       10.828
    0.00136662      9.96666
    0.00136666      9.06112
     0.0013667      8.35856
    0.00136673       7.7068
    0.00136677       7.1032
    0.00136681      6.54556
    0.00136684      6.03104
    0.00136688      5.55739
    0.00136692      5.12194
    0.00136695      4.72225
    0.00136699       4.3559
    0.00136702      4.02057
    0.00136705      3.76693
    0.00136708      3.53155
    0.00136711      3.31319
    0.00136714      3.11076
    0.00136717      2.92312
     0.0013672       2.7494
    0.00136723      2.58858
    0.00136726      2.43974
    0.00136729      2.30199
    0.00136732      2.17459
    0.00136735      2.05673
    0.00136738       1.9477
    0.00136741      1.84679
    0.00136744      1.75344
    0.00136749      1.62623
    0.00136752      1.53994
    0.00136756      1.45235
    0.00136759      1.37257
    0.00136763      1.29986
    0.00136767      1.23346
     0.0013677      1.17276
    0.00136774      1.11717
     0.0013678      1.04221
    0.00136785     0.976003
    0.00136791     0.917265
    0.00136797     0.864869
    0.00136802     0.817906
    0.00136808     0.775586
    0.00136814     0.732409
    0.00136821     0.691408
    0.00136827     0.654516
    0.00136834     0.621104
    0.00136841     0.590681
     0.0013685     0.554058
    0.00136859     0.521247
    0.00136868      0.49165
    0.00136877     0.464796
    0.00136887     0.436431
    0.00136899     0.407352
    0.00136911     0.381303
    0.00136923     0.357841
    0.00136935     0.336612
    0.00136946     0.317325
    0.00136958     0.299738
     0.0013697     0.283649
    0.00136984     0.267126
    0.00136999     0.250485
    0.00137013     0.235426
    0.00137028     0.221749
    0.00137043     0.209285
    0.00137058     0.197892
    0.00137073     0.187451
    0.00137088     0.177855
    0.00137104     0.168169
    0.00137122     0.158523
     0.0013714     0.149728
    0.00137158     0.141684
    0.00137176     0.134308
    0.00137193     0.127525
    0.00137211     0.121275
    0.00137238      0.11278
    0.00137262     0.106004
    0.00137286    0.0998653
     0.0013731    0.0942859
    0.00137333    0.0892012
    0.00137357    0.0845552
    0.00137381    0.0802995
    0.00137405     0.076392
    0.00137429    0.0727963
    0.00137461    0.0684003
    0.00137493    0.0644443
    0.00137525     0.060873
    0.00137557    0.0576401
    0.00137589    0.0547057
    0.00137621    0.0520358
    0.00137653    0.0496013
    0.00137685     0.047377
    0.00137729    0.0445841
    0.00137774     0.042109
    0.00137818    0.0399103
    0.00137863    0.0379531
    0.00137908    0.0362076
    0.00137952    0.0346495
    0.00137997    0.0332581
    0.00138042    0.0320165
    0.00138099    0.0306189
    0.00138156    0.0294177
    0.00138214     0.028391
    0.00138271     0.027521
    0.00138328    0.0267934
    0.00138385     0.026197
    0.00138443    0.0257229
     0.0013852    0.0252631
    0.00138582    0.0250421
    0.00138643    0.0249415
    0.00138664    0.0249344
    0.00138725     0.024992
    0.00138786    0.0251694
    0.00138848    0.0254704
    0.00138909    0.0259006
     0.0013897    0.0264674
    0.00139032    0.0271807
    0.00139093    0.0280535
    0.00139154    0.0291026
    0.00139203    0.0300705
    0.00139251    0.0311745
      0.001393    0.0324297
    0.00139348    0.0338537
    0.00139397    0.0354674
    0.00139445     0.037296
    0.00139494    0.0393701
    0.00139542    0.0417273
    0.00139576    0.0435615
     0.0013961    0.0455729
    0.00139644    0.0477821
    0.00139677    0.0502129
    0.00139711    0.0528933
    0.00139745    0.0558559
    0.00139779    0.0591393
    0.00139813    0.0627885
     0.0013985    0.0673278
    0.00139875    0.0706836
      0.001399    0.0743391
    0.00139925    0.0783299
     0.0013995    0.0826981
    0.00139975    0.0874915
        0.0014    0.0927666
    0.00140022    0.0978729
    0.00140051     0.105235
     0.0014007     0.110659
    0.00140089     0.116552
    0.00140108     0.122967
    0.00140127     0.129971
    0.00140146     0.137637
    0.00140165     0.146053
    0.00140187     0.156832
    0.00140209     0.168937
    0.00140224     0.177856
    0.00140239     0.187549
    0.00140253     0.198107
    0.00140268     0.209641
    0.00140283     0.222277
    0.00140296     0.234716
    0.00140309     0.248295
    0.00140322     0.263166
    0.00140336     0.279503
    0.00140349     0.297517
    0.00140362     0.317457
    0.00140375     0.339629
    0.00140385     0.357945
    0.00140394     0.374845
    0.00140404     0.397247
    0.00140414     0.421941
    0.00140425     0.449304
    0.00140435     0.479812
    0.00140443     0.505124
     0.0014045     0.532868
    0.00140458     0.563464
    0.00140466     0.597407
    0.00140473     0.632483
    0.00140479     0.665319
    0.00140485     0.701558
    0.00140491     0.741764
    0.00140497      0.78665
    0.00140503     0.837038
    0.00140509     0.893981
    0.00140513     0.936171
    0.00140517     0.982221
    0.00140521      1.03263
    0.00140525      1.08794
    0.00140529      1.14874
    0.00140533       1.2157
    0.00140537       1.2826
     0.0014054      1.34822
    0.00140544      1.41951
    0.00140547      1.49701
     0.0014055      1.58134
    0.00140554      1.67314
    0.00140557      1.77311
     0.0014056      1.88204
    0.00140564      2.00072
    0.00140567      2.13006
     0.0014057        2.271
    0.00140574      2.42454
    0.00140577      2.59177
     0.0014058      2.77383
    0.00140583      2.97194
    0.00140587      3.18738
     0.0014059      3.43851
    0.00140594      3.73143
    0.00140598      4.05265
    0.00140602      4.40463
    0.00140605      4.78958
    0.00140609      5.21015
    0.00140613      5.66865
    0.00140617      6.16774
     0.0014062      6.63469
    0.00140624      7.27574
    0.00140628      7.97513
    0.00140632       8.7359
    0.00140635      9.27894
    0.00140639      10.0893
    0.00140643      10.9927
    0.00140647      11.9636
    0.00140651      12.9553
    0.00140654      13.9692
    0.00140658       15.103
    0.00140662      16.4237
    0.00140668      18.2461
    0.00140673      20.0421
    0.00140678      22.1261
    0.00140684      24.5265
    0.00140692      27.7277
    0.00140699       31.127
    0.00140708      35.4189
    0.00140734      48.8309
    0.00140744      53.5067
    0.00140752      57.1318
    0.00140759      60.0651
    0.00140766      62.5958
    0.00140774      64.8569
     0.0014078      66.3208
    0.00140787      67.5896
    0.00140793      68.1872
    0.00140798      68.4529
      0.001408      68.4787
    0.00140806      68.2507
    0.00140812      67.6722
    0.00140818      66.7719
    0.00140824      65.4401
    0.00140831      63.4737
    0.00140837       61.431
    0.00140844      58.7311
    0.00140852      55.1668
    0.00140862      50.8222
    0.00140876      43.4379
    0.00140893      35.2426
    0.00140901        31.38
    0.00140907      28.1688
    0.00140914      25.3173
     0.0014092      22.6357
    0.00140925      20.7442
     0.0014093      18.9588
    0.00140935       17.111
    0.00140939      15.8995
    0.00140943      14.7533
    0.00140947      13.6717
     0.0014095      12.6538
    0.00140954      11.6982
    0.00140958      10.8034
    0.00140962      9.96743
    0.00140965      9.22145
    0.00140969      8.52548
    0.00140972      7.87764
    0.00140976      7.27544
     0.0014098      6.71688
    0.00140983      6.19989
    0.00140987      5.72192
     0.0014099      5.28101
    0.00140994      4.87471
    0.00140997      4.50106
    0.00141001      4.13259
    0.00141004      3.87391
    0.00141007      3.63312
     0.0014101      3.40923
    0.00141013      3.20105
    0.00141016      3.00768
    0.00141019      2.82817
    0.00141022      2.66166
    0.00141025      2.50716
    0.00141028      2.36393
    0.00141031      2.23117
    0.00141034      2.10818
    0.00141037      1.99418
     0.0014104      1.88855
    0.00141042      1.79068
    0.00141047       1.6572
    0.00141051      1.55694
    0.00141054      1.46571
    0.00141058      1.38259
    0.00141062      1.30682
    0.00141065      1.23765
    0.00141069      1.17446
    0.00141073       1.1166
    0.00141076      1.06359
    0.00141082     0.992037
    0.00141087     0.928833
    0.00141093     0.872736
    0.00141098     0.822711
    0.00141104     0.777879
     0.0014111     0.732417
    0.00141117     0.689529
    0.00141123     0.651183
     0.0014113     0.616671
    0.00141136     0.585418
    0.00141145     0.548016
    0.00141154     0.514706
    0.00141163     0.484804
    0.00141172     0.457779
    0.00141182     0.429334
    0.00141188      0.41438
      0.001412     0.386926
    0.00141211     0.362318
    0.00141223     0.340141
    0.00141235     0.320059
    0.00141247       0.3018
    0.00141258     0.285137
     0.0014127      0.26988
    0.00141285     0.252545
      0.001413     0.236895
    0.00141314     0.222712
    0.00141329     0.209813
    0.00141344     0.198042
    0.00141358      0.18727
    0.00141373     0.177384
    0.00141388     0.168287
    0.00141405     0.158296
    0.00141423     0.149197
    0.00141441     0.140885
    0.00141458     0.133271
    0.00141476     0.126276
    0.00141494     0.119834
     0.0014152     0.111084
    0.00141541     0.104943
    0.00141564    0.0985458
    0.00141588    0.0927341
    0.00141611    0.0874378
    0.00141635    0.0825976
    0.00141658    0.0781622
    0.00141682    0.0740873
    0.00141705    0.0703344
    0.00141731    0.0665588
    0.00141759    0.0628064
    0.00141787    0.0593744
    0.00141815    0.0562269
    0.00141843    0.0533333
     0.0014187    0.0506665
    0.00141912    0.0470417
     0.0014194    0.0448465
    0.00141978    0.0421444
    0.00142015    0.0396908
    0.00142053    0.0374559
     0.0014209    0.0354145
    0.00142128    0.0335446
    0.00142165     0.031827
    0.00142203    0.0302453
     0.0014224    0.0287853
    0.00142289    0.0270319
    0.00142338    0.0254438
    0.00142388     0.024001
    0.00142437    0.0226861
    0.00142486    0.0214843
    0.00142535    0.0203825
    0.00142585    0.0193699
    0.00142634     0.018437
    0.00142693    0.0174162
    0.00142751    0.0164852
     0.0014281    0.0156339
    0.00142869    0.0148532
    0.00142928    0.0141354
    0.00143016    0.0131625
    0.00143104    0.0122978
    0.00143178    0.0116481
    0.00143251    0.0110554
    0.00143325    0.0105118
    0.00143398     0.010012
    0.00143509   0.00933509
    0.00143619   0.00873416
    0.00143731   0.00819697
    0.00143843   0.00770907
    0.00143956   0.00727032
    0.00144069   0.00687515
    0.00144182   0.00651788
    0.00144295   0.00619374
     0.0014441   0.00589303
    0.00144525   0.00561913
    0.00144679   0.00529035
    0.00144832   0.00499763
    0.00144981    0.0047428
    0.00145127   0.00451959
    0.00145272    0.0043176
    0.00145417   0.00413422
    0.00145576   0.00395109
    0.00145751   0.00377218
    0.00145926   0.00361081
    0.00146188   0.00339754
     0.0014646   0.00320819
    0.00146731   0.00304607
    0.00146913   0.00295059
    0.00147185   0.00282417
    0.00147458   0.00271587
    0.00147793   0.00260413
    0.00148127   0.00251396
     0.0014835   0.00246204
    0.00148706   0.00239493
    0.00149061   0.00234384
    0.00149415   0.00230773
    0.00149769   0.00228537
    0.00150122   0.00227618
     0.0015024   0.00227585
    0.00150594   0.00228361
    0.00150948   0.00230399
    0.00151283   0.00233552
    0.00151618   0.00237935
    0.00151953   0.00243655
    0.00152288   0.00250805
    0.00152631   0.00259805
    0.00152974   0.00270689
    0.00153244   0.00280754
    0.00153514   0.00292322
    0.00153784    0.0030559
    0.00154054   0.00320794
    0.00154324   0.00338224
     0.0015459    0.0035792
    0.00154854   0.00380355
     0.0015503   0.00397199
    0.00155199   0.00414936
     0.0015536   0.00433412
    0.00155522   0.00453748
    0.00155684   0.00476248
    0.00155845   0.00500822
    0.00156006    0.0052781
    0.00156167   0.00557634
    0.00156328   0.00590526
    0.00156488   0.00627143
    0.00156649   0.00668121
     0.0015681   0.00714012
     0.0015693   0.00752127
    0.00157051   0.00793844
    0.00157171   0.00839625
    0.00157292   0.00890005
    0.00157413   0.00945612
    0.00157533    0.0100719
    0.00157654     0.010756
    0.00157766    0.0114612
    0.00157873    0.0122125
    0.00157981    0.0130465
    0.00158088    0.0139756
    0.00158196    0.0150144
    0.00158303    0.0161725
    0.00158373    0.0170124
    0.00158444    0.0179222
    0.00158514    0.0189111
    0.00158584    0.0199888
    0.00158654    0.0211658
    0.00158725    0.0224544
    0.00158795    0.0238687
    0.00158857    0.0252265
    0.00158936    0.0271631
     0.0015899    0.0285852
    0.00159043    0.0301257
    0.00159096     0.031798
    0.00159149    0.0336171
    0.00159202    0.0356005
    0.00159255    0.0377688
    0.00159301    0.0398117
    0.00159347    0.0420292
    0.00159393    0.0444422
    0.00159439    0.0470743
    0.00159485    0.0499531
    0.00159531    0.0531099
    0.00159576     0.056581
    0.00159622    0.0604082
    0.00159674    0.0652014
    0.00159708    0.0687238
    0.00159743    0.0725426
    0.00159777    0.0766935
    0.00159812    0.0812176
    0.00159846    0.0861621
    0.00159881    0.0915813
    0.00159911    0.0967612
     0.0015995     0.104104
    0.00159988     0.112328
    0.00160014     0.118373
     0.0016004     0.124926
    0.00160066     0.132047
    0.00160092     0.139804
    0.00160116     0.147784
    0.00160139     0.155946
    0.00160162     0.164813
    0.00160185     0.174471
    0.00160208     0.185017
    0.00160231     0.196564
    0.00160254     0.209246
    0.00160277     0.223216
    0.00160297     0.236641
    0.00160314     0.249154
    0.00160331     0.262706
    0.00160349     0.277418
    0.00160366      0.29343
    0.00160383     0.310903
      0.001604     0.330026
    0.00160417      0.35102
    0.00160433     0.372127
    0.00160448     0.393066
    0.00160462     0.415883
    0.00160476     0.440819
    0.00160491     0.468155
    0.00160505     0.498224
    0.00160519     0.531421
    0.00160534     0.568223
    0.00160547       0.6049
    0.00160558     0.640754
    0.00160569     0.680117
    0.00160581     0.723509
    0.00160593     0.773147
    0.00160602     0.815441
    0.00160611      0.86168
    0.00160621     0.915613
    0.00160631     0.980182
     0.0016064      1.04433
    0.00160648      1.10548
    0.00160656      1.17315
    0.00160664      1.24441
    0.00160672      1.32967
    0.00160678      1.39572
    0.00160683      1.47138
    0.00160689      1.54979
    0.00160694      1.63064
      0.001607      1.71907
    0.00160705      1.81607
     0.0016071      1.92005
    0.00160715      2.03142
     0.0016072      2.15384
    0.00160725      2.28855
     0.0016073      2.44491
    0.00160736      2.62708
     0.0016074      2.77748
    0.00160744      2.94086
    0.00160748      3.11845
    0.00160753       3.3168
    0.00160757      3.53581
    0.00160761      3.77474
    0.00160766      4.03532
     0.0016077      4.31942
    0.00160774      4.62899
    0.00160778      4.96609
    0.00160783      5.33286
    0.00160787      5.73151
    0.00160791      6.16432
    0.00160796      6.63364
      0.001608      7.14183
    0.00160804      7.69128
    0.00160809      8.28436
    0.00160813      8.92342
    0.00160817      9.61074
    0.00160821      10.3485
    0.00160826      11.1388
     0.0016083      11.9834
    0.00160834      12.8841
    0.00160839      13.8423
    0.00160844      15.2114
     0.0016085      16.6865
    0.00160856      18.2683
    0.00160862       19.956
    0.00160868      21.8165
    0.00160874      23.8565
     0.0016088       26.004
    0.00160889      29.4029
    0.00160901      33.7846
    0.00160926       43.831
    0.00160938      48.4034
    0.00160948       52.116
    0.00160958       55.109
    0.00160965      57.1278
    0.00160972      58.7147
     0.0016098      59.9704
    0.00160987      60.9153
    0.00160993      61.3756
       0.00161      61.5404
    0.00161007      61.3742
    0.00161014      60.7393
    0.00161023      59.5481
    0.00161031       57.914
    0.00161039      55.8548
    0.00161049      53.1326
    0.00161059      49.7068
     0.0016107      45.5923
    0.00161088      38.2828
    0.00161105      31.5412
    0.00161114      28.1183
    0.00161121      25.6771
    0.00161129      22.7925
    0.00161136      20.6335
    0.00161142      18.9172
    0.00161148      17.2163
    0.00161154      15.6329
     0.0016116      14.1665
    0.00161166      12.8155
     0.0016117      11.9775
    0.00161175      10.9716
     0.0016118      10.0433
    0.00161185      9.18928
    0.00161191      8.40594
    0.00161194       7.8624
    0.00161198      7.35485
    0.00161202      6.88132
    0.00161206       6.4403
     0.0016121      6.02985
    0.00161215      5.56745
     0.0016122      5.10867
    0.00161225      4.69381
     0.0016123      4.31916
    0.00161235      3.98116
    0.00161241      3.67644
    0.00161246      3.40187
    0.00161251       3.1545
    0.00161256      2.93163
    0.00161261      2.73076
    0.00161266      2.54959
     0.0016127      2.41654
    0.00161275      2.29396
    0.00161279      2.18086
    0.00161285      2.02726
    0.00161291      1.89063
    0.00161298      1.76871
    0.00161304      1.65961
     0.0016131      1.56162
    0.00161316      1.47329
    0.00161323      1.39335
    0.00161329      1.32077
    0.00161335      1.25025
    0.00161343      1.17825
     0.0016135      1.11322
    0.00161358       1.0542
    0.00161363       1.0178
    0.00161373     0.951123
    0.00161383     0.891539
    0.00161393     0.837957
    0.00161403     0.789507
    0.00161413     0.745484
    0.00161423     0.706683
    0.00161433     0.671038
    0.00161446     0.627799
    0.00161458     0.588822
    0.00161471     0.553532
    0.00161484     0.521454
    0.00161497     0.492191
     0.0016151      0.46541
    0.00161524     0.438222
     0.0016154      0.41106
    0.00161556     0.386416
    0.00161572     0.363981
    0.00161588     0.343491
    0.00161603     0.324724
    0.00161619     0.307486
    0.00161635     0.291613
    0.00161653      0.27505
    0.00161673     0.258149
    0.00161693     0.242783
    0.00161713     0.228769
    0.00161733     0.215949
    0.00161753     0.204191
    0.00161773     0.193379
    0.00161794     0.183413
    0.00161815     0.173576
    0.00161838      0.16394
    0.00161861     0.155094
    0.00161884     0.146952
    0.00161907     0.139441
    0.00161941     0.129221
    0.00161976     0.120095
    0.00162002     0.113876
     0.0016203     0.107521
    0.00162059     0.101689
    0.00162088    0.0963227
    0.00162116    0.0913749
    0.00162159    0.0846462
    0.00162203     0.078643
    0.00162235    0.0745549
    0.00162271    0.0703792
    0.00162307    0.0665471
    0.00162342    0.0630208
    0.00162378    0.0597682
    0.00162432    0.0553434
    0.00162486     0.051395
    0.00162528    0.0486269
    0.00162575    0.0457438
    0.00162622    0.0431132
     0.0016267    0.0407063
    0.00162717    0.0384982
    0.00162764    0.0364673
    0.00162812    0.0345948
    0.00162883    0.0320478
     0.0016294    0.0301917
    0.00162998    0.0284944
    0.00163055    0.0269386
    0.00163112    0.0255091
     0.0016317    0.0241921
    0.00163227    0.0229759
    0.00163313    0.0213188
    0.00163376    0.0202169
    0.00163445    0.0191113
    0.00163514    0.0180963
    0.00163583    0.0171623
    0.00163652    0.0163002
    0.00163755    0.0151256
    0.00163859     0.014076
    0.00163968    0.0130852
     0.0016408     0.012176
    0.00164191    0.0113614
    0.00164303    0.0106285
    0.00164415   0.00996617
     0.0016453   0.00935123
    0.00164651   0.00876703
    0.00164771   0.00823798
    0.00164892   0.00775735
    0.00165012   0.00731938
    0.00165133   0.00691916
    0.00165253   0.00655246
    0.00165374   0.00621562
    0.00165535   0.00580754
    0.00165695    0.0054406
    0.00165856   0.00511034
    0.00166017   0.00481151
    0.00166177   0.00453873
    0.00166338   0.00428991
    0.00166491   0.00407242
    0.00166708   0.00379361
    0.00166926   0.00354494
    0.00167145   0.00332104
    0.00167366   0.00311833
    0.00167586   0.00293498
    0.00167856   0.00273386
    0.00168126   0.00255497
    0.00168396   0.00239507
    0.00168666   0.00225153
    0.00168936   0.00212214
    0.00169177   0.00201679
    0.00169481   0.00189658
    0.00169816   0.00177811
    0.00169954   0.00173758
        0.0017   0.00172852
        0.0017      1.13067
    0.00172398      1.12095
    0.00174831      1.11109
    0.00177297      1.10109
    0.00179799      1.09095
    0.00182335      1.08066
    0.00184391      1.07233
    0.00186992      1.06311
     0.0018963      1.05376
    0.00192306      1.04427
    0.00195019      1.03466
     0.0019777       1.0249
         0.002        1.017
    0.00202822      1.00988
    0.00205683      1.00266
    0.00208585     0.995332
    0.00211528     0.987905
    0.00214512     0.980373
    0.00217538     0.972734
    0.00219939     0.966676
    0.00223042     0.959815
    0.00226188     0.952857
    0.00229379     0.945802
    0.00232615     0.938646
    0.00235897      0.93139
    0.00237687     0.927431
    0.00241041     0.920877
    0.00244442      0.91423
     0.0024789      0.90749
    0.00251387     0.900654
    0.00254934     0.893722
    0.00258297     0.887149
    0.00261941     0.880839
    0.00265636      0.87444
    0.00269384     0.867951
    0.00273184      0.86137
    0.00277039     0.854697
    0.00278368     0.852394
    0.00282296     0.846331
    0.00286278     0.840183
    0.00290317     0.833948
    0.00294413     0.827625
    0.00298567     0.821213
         0.003        0.819
    0.00304232     0.813894
    0.00308525     0.808717
    0.00312877     0.803466
    0.00317291     0.798141
    0.00321768     0.792741
    0.00326307     0.787265
    0.00330911     0.781712
    0.00331184     0.781383
    0.00335856     0.776545
    0.00340594     0.771638
      0.003454     0.766662
    0.00350273     0.761615
    0.00355214     0.756498
    0.00360226     0.751308
    0.00365308     0.746045
     0.0036891     0.742314
    0.00374115     0.737624
    0.00379393     0.732868
    0.00384746     0.728045
    0.00390174     0.723154
    0.00395678     0.718194
         0.004       0.7143
    0.00405643     0.710073
    0.00411366     0.705786
     0.0041717     0.701438
    0.00423055      0.69703
    0.00429024     0.692559
    0.00435077     0.688025
     0.0044102     0.683573
    0.00447242     0.679486
    0.00453552     0.675341
     0.0045995     0.671138
    0.00466439     0.666876
     0.0047302     0.662553
    0.00479512     0.658289
    0.00486277      0.65439
    0.00493137     0.650435
    0.00500095     0.646425
     0.0050715     0.642359
    0.00514305     0.638235
    0.00521561     0.634053
    0.00523318      0.63304
    0.00530701     0.629323
    0.00538188     0.625554
    0.00545781     0.621732
    0.00553481     0.617855
    0.00561289     0.613925
    0.00569208     0.609938
    0.00573266     0.607895
    0.00581353     0.604298
    0.00589555     0.600649
    0.00597873     0.596949
    0.00606308     0.593197
    0.00614862     0.589392
    0.00623536     0.585534
    0.00623574     0.585517
    0.00632371     0.582119
    0.00641293     0.578673
    0.00650341     0.575179
    0.00659516     0.571636
     0.0066882     0.568042
    0.00678256     0.564398
    0.00687825     0.560702
    0.00697529     0.556954
         0.007        0.556
    0.00709876      0.55268
    0.00719891     0.549314
    0.00730047       0.5459
    0.00740347     0.542437
    0.00750792     0.538926
    0.00761384     0.535366
    0.00772126     0.531755
    0.00773735     0.531214
    0.00784651     0.527981
    0.00795721     0.524701
    0.00806947     0.521376
    0.00818331     0.518004
    0.00829876     0.514584
    0.00841585     0.511116
    0.00848528     0.509059
    0.00860499     0.505956
    0.00872639      0.50281
    0.00884951     0.499619
    0.00897436     0.496383
    0.00910097     0.493101
    0.00922937     0.489773
    0.00935958     0.486398
    0.00948683       0.4831
    0.00962067      0.48001
     0.0097564     0.476876
    0.00989405     0.473698
     0.0100336     0.470475
     0.0101752     0.467207
     0.0103187     0.463893
     0.0104643     0.460531
      0.010612     0.457123
     0.0107617     0.453666
     0.0109051     0.450355
     0.0110589     0.447224
      0.011215     0.444049
     0.0113732     0.440828
     0.0115336     0.437562
     0.0116963     0.434251
      0.011764     0.432874
     0.0119299     0.429909
     0.0120982     0.426902
     0.0122689     0.423853
      0.012442     0.420761
     0.0126176     0.417625
     0.0127956     0.414444
      0.012941     0.411846
     0.0131236     0.408992
     0.0133087     0.406097
     0.0134965     0.403161
     0.0136869     0.400183
       0.01388     0.397164
     0.0140162     0.395034
     0.0142139     0.392315
     0.0144144     0.389557
     0.0146178     0.386761
      0.014824     0.383925
     0.0150332     0.381049
     0.0152453     0.378132
      0.015319     0.377118
     0.0155351     0.374478
     0.0157543       0.3718
     0.0159765     0.369085
     0.0162019     0.366331
     0.0163749     0.364217
      0.016606     0.361731
     0.0168402      0.35921
     0.0170778     0.356653
     0.0173188     0.354061
     0.0175631     0.351431
     0.0178109     0.348765
     0.0180622     0.346061
     0.0180969     0.345687
     0.0183522     0.343324
     0.0186112     0.340928
     0.0188737     0.338498
       0.01914     0.336034
       0.01941     0.333535
     0.0196839     0.331001
     0.0199616     0.328431
     0.0202432     0.325825
     0.0205133     0.323325
     0.0208027     0.320828
     0.0210962     0.318295
     0.0213938     0.315727
     0.0216957     0.313123
     0.0219939     0.310549
     0.0223042     0.308166
     0.0226188     0.305749
     0.0229379     0.303297
     0.0232615     0.300811
     0.0235897      0.29829
     0.0237687     0.296915
     0.0241041     0.294646
     0.0244441     0.292345
      0.024789     0.290012
     0.0251387     0.287646
     0.0254934     0.285246
     0.0258297     0.282971
     0.0261941     0.280794
     0.0265636     0.278586
     0.0269384     0.276348
     0.0273184     0.274078
     0.0277039     0.271776
     0.0278368     0.270981
     0.0282296     0.268897
     0.0286278     0.266783
     0.0290317     0.264639
     0.0294413     0.262465
     0.0298567     0.260261
          0.03       0.2595
     0.0304232     0.257472
     0.0308525     0.255415
     0.0312877     0.253329
     0.0317292     0.251213
     0.0321768     0.249068
     0.0322371     0.248779
     0.0326919     0.246806
     0.0331531     0.244806
     0.0336209     0.242777
     0.0340237     0.241029
     0.0345037     0.239159
     0.0349905     0.237262
     0.0354842     0.235338
     0.0359848     0.233387
     0.0364925     0.231409
      0.036891     0.229856
     0.0374115     0.228072
     0.0379393     0.226263
     0.0384746     0.224428
     0.0390174     0.222568
     0.0395678     0.220681
          0.04       0.2192
     0.0405643     0.217518
     0.0411366     0.215813
      0.041717     0.214084
     0.0422949     0.212362
     0.0428916     0.210768
     0.0434967     0.209152
     0.0441103     0.207513
     0.0447327      0.20585
     0.0453638     0.204165
     0.0459863     0.202502
     0.0466351     0.200982
     0.0472931     0.199441
     0.0479603     0.197878
     0.0486369     0.196293
     0.0493231     0.194686
          0.05       0.1931
     0.0507054     0.191753
     0.0514208     0.190386
     0.0521462     0.189001
     0.0528819     0.187595
      0.053628      0.18617
     0.0543846     0.184725
     0.0547723     0.183985
      0.055545     0.182701
     0.0563286     0.181399
     0.0571233     0.180079
     0.0579292      0.17874
     0.0587465     0.177382
     0.0595753     0.176006
          0.06       0.1753
     0.0608465     0.174152
     0.0617049     0.172987
     0.0625755     0.171806
     0.0634583     0.170609
     0.0643536     0.169394
     0.0648074     0.168779
     0.0657217     0.167673
     0.0666489     0.166552
     0.0675892     0.165415
     0.0685428     0.164262
     0.0695098     0.163093
          0.07       0.1625
     0.0709876     0.161549
     0.0719891     0.160584
     0.0730047     0.159606
     0.0740347     0.158614
     0.0750792     0.157608
     0.0761384     0.156587
     0.0772126     0.155553
     0.0773735     0.155398
     0.0784651     0.154493
     0.0795721     0.153576
     0.0806947     0.152646
     0.0818331     0.151703
     0.0823907     0.151241
     0.0835531      0.15041
     0.0847319     0.149567
     0.0859273     0.148712
     0.0871395     0.147846
     0.0883689     0.146966
     0.0896157     0.146075
          0.09       0.1458
     0.0912697     0.145102
     0.0925574     0.144393
     0.0938632     0.143675
     0.0951874     0.142947
     0.0965304     0.142208
     0.0978922     0.141459
     0.0992733       0.1407
           0.1       0.1403
      0.101411     0.139711
      0.102842     0.139113
      0.104292     0.138507
      0.105764     0.137893
      0.107256      0.13727
      0.108769     0.136638
      0.110304     0.135997
       0.11186     0.135347
      0.113438     0.134688
      0.114653      0.13418
      0.116271     0.133581
      0.117911     0.132974
      0.119575     0.132358
          0.12       0.1322
      0.121693     0.131723
       0.12341     0.131239
      0.125151     0.130748
      0.126917      0.13025
      0.128707     0.129745
      0.130523     0.129233
      0.132364     0.128714
      0.134232     0.128187
      0.134707     0.128053
      0.136608     0.127567
      0.138535     0.127075
          0.14       0.1267
      0.141975     0.126325
      0.143978     0.125944
      0.146009     0.125558
      0.148069     0.125167
      0.150158      0.12477
      0.152277     0.124367
      0.154425     0.123959
      0.156604     0.123545
      0.158813     0.123125
          0.16       0.1229
      0.162257     0.122584
      0.164546     0.122263
      0.166868     0.121938
      0.169222     0.121609
       0.17161     0.121275
      0.174031     0.120936
      0.176486     0.120592
      0.178976     0.120243
          0.18       0.1201
      0.182539     0.119821
      0.185115     0.119537
      0.187726      0.11925
      0.190375     0.118959
      0.193061     0.118663
      0.195784     0.118364
      0.198547      0.11806
           0.2       0.1179
      0.202822     0.117753
      0.205683     0.117604
      0.208585     0.117454
      0.211528     0.117301
      0.214512     0.117145
      0.217538     0.116988
      0.220607     0.116828
       0.22372     0.116667
      0.226876     0.116502
      0.230077     0.116336
      0.233323     0.116167
      0.236615     0.115996
      0.239953     0.115822
      0.243338     0.115646
      0.246771     0.115468
          0.25       0.1153
           0.3       0.1147
           0.3     0.114699
      0.357426     0.115723
           0.4     0.116998
      0.424123     0.108364
      0.443276     0.102221
      0.446403     0.101281
          0.45     0.206198
      0.462011     0.266016
      0.474732     0.330133
      0.483606     0.375271
      0.497237     0.445203
           0.5     0.459442
      0.528104     0.553822
          0.55      0.62764
           0.6      0.75012
          0.65      0.84646
           0.7      0.92669
          0.75      0.99648
           0.8      1.05838
          0.85      1.11393
           0.9      1.16468
          0.95      1.21098
       0.97712      1.20277
             1      1.31544
       1.00705      1.32371
        1.0413      1.36411
       1.07219      1.41059
       1.12684      1.49316
       1.19306       1.5935
           1.2      1.60403
           1.4      1.77659
       1.44083      1.78092
       1.59545       1.9241
           1.6      1.93786
       1.61606       1.9444
       1.75074      2.02987
       1.77429      2.04492
           1.8      2.06135
       1.89213      2.08461
             2      2.14581
        2.0123      2.14087
       2.01542      2.13993
       2.14383      2.17807
           2.2      2.23351
       2.24661      2.22488
       2.27066      2.22218
       2.29077       2.2236
       2.29889      2.22842
       2.38042      2.27924
           2.4      2.30466
       2.44017      2.27898
       2.44986      2.27524
       2.46319      2.27375
       2.50209      2.27517
       2.52049      2.28288
       2.53051      2.28766
       2.53235      2.28931
       2.54125      2.29728
       2.57079      2.32895
       2.58501      2.35204
           2.6      2.37991
       2.60354      2.37997
       2.61201      2.38058
       2.61907      2.38237
       2.65376      2.39388
       2.66384      2.39973
       2.76799      2.51803
           2.8      2.55446
       2.86881      2.56095
             3      2.57351
          3.25      2.58958
       3.39648      2.59815
           3.5      2.60436
       3.73787       2.6118
          3.75      2.61219
       3.87298       2.6142
             4       2.6165
       4.15219      2.61406
          4.25      2.61258
       4.37321      2.60762
           4.5      2.60271
       4.62331      2.59443
          4.75      2.58606
        4.8578      2.57658
       4.97607      2.56632
             5      2.56424
       5.09562      2.55389
       5.16653      2.54625
       5.27881      2.53426
       5.35677      2.52599
       5.47592      2.51344
           5.5       2.5109
       5.53007      2.50748
       5.59937      2.49959
       5.66699      2.49191
       5.77932      2.47924
       5.85719      2.47051
       5.99105      2.45556
             6      2.45456
       6.11362      2.44302
       6.20801      2.43349
       6.31075      2.42315
       6.40468      2.41374
           6.5      2.40423
       6.56049      2.39933
       6.66771      2.39069
       6.78012      2.38167
       6.85784      2.37545
       6.95229      2.36792
             7      2.36413
       7.03025      2.36228
       7.11411      2.35717
       7.20868      2.35142
        7.3114      2.34519
        7.4051      2.33953
           7.5      2.33381
       7.62199      2.32913
       7.71479      2.32558
        7.8561      2.32019
             8      2.31472
       8.16847      2.30955
       8.23028      2.30766
       8.28536      2.30597
       8.46392      2.30051
           8.5      2.29941
       8.71524      2.29378
       8.95203       2.2876
             9      2.28635
       9.43623      2.27653
           9.5      2.27509
       9.68635      2.26497
            10      2.26506
       10.1411      2.26211
       10.2842      2.25911
       10.4292      2.25608
       10.5764        2.253
       10.7256      2.24988
       10.8769      2.24671
            11      2.24414
       11.1552      2.24082
       11.3126      2.23745
       11.4722      2.23403
        11.634      2.23057
       11.7982      2.22706
       11.9646      2.22349
            12      2.22274
       12.1693      2.21926
        12.341      2.21574
       12.5151      2.21217
       12.6917      2.20854
       12.8707      2.20487
            13      2.20222
       13.1834       2.1987
       13.3694      2.19514
        13.558      2.19152
       13.7493      2.18785
       13.9433      2.18414
            14      2.18305
       14.1975      2.17935
       14.3978       2.1756
       14.6009       2.1718
       14.7435      2.16913
       14.9515      2.16524
            15      2.16434
       15.2042      2.16081
       15.2116      2.16068
       15.4262      2.15698
       15.4919      2.15584
       15.7105      2.15207
       15.9321      2.14825
            16      2.14707
       16.2257      2.14405
       16.2443       2.1438
       16.4735      2.14074
       16.6179      2.13881
       16.8523      2.13568
       16.9669      2.13415
            17       2.1339
       17.2398      2.13092
       17.3373      2.12971
       17.5711      2.12681
        17.819      2.12374
       17.8559      2.12328
            18       2.1215
       18.1078      2.12032
       18.3377       2.1178
       18.5715      2.11523
       18.8335      2.11236
       18.8561      2.11211
            19      2.11054
       19.1221      2.10922
       19.1222      2.10922
        19.392      2.10629
       19.4312      2.10587
       19.7053       2.1029
       19.7135      2.10281
       19.9917      2.09981
            20      2.09972
//
#-------------------------------------------------------------------------------
