#rp054131.L02         Number of runs:     60
# E(MeV)      xs(mb)     xslow(mb)      xsupp(mb)
 1.00000E-11 0.00000E+00 0.00000E+00 0.00000E+00
 2.53000E-08 0.00000E+00 0.00000E+00 0.00000E+00
 1.00000E-06 0.00000E+00 0.00000E+00 0.00000E+00
 9.80000E-06 0.00000E+00 0.00000E+00 0.00000E+00
 1.00000E-05 0.00000E+00 0.00000E+00 0.00000E+00
 4.90000E-05 0.00000E+00 0.00000E+00 0.00000E+00
 1.00000E-04 0.00000E+00 0.00000E+00 0.00000E+00
 2.00000E-04 0.00000E+00 0.00000E+00 0.00000E+00
 3.00000E-04 0.00000E+00 0.00000E+00 0.00000E+00
 6.00000E-04 0.00000E+00 0.00000E+00 0.00000E+00
 1.00000E-03 0.00000E+00 0.00000E+00 0.00000E+00
 2.00000E-03 0.00000E+00 0.00000E+00 0.00000E+00
 3.00000E-03 0.00000E+00 0.00000E+00 0.00000E+00
 6.00000E-03 0.00000E+00 0.00000E+00 0.00000E+00
 1.00000E-02 0.00000E+00 0.00000E+00 0.00000E+00
 2.00000E-02 0.00000E+00 0.00000E+00 0.00000E+00
 3.00000E-02 0.00000E+00 0.00000E+00 0.00000E+00
 6.00000E-02 0.00000E+00 0.00000E+00 0.00000E+00
 1.00000E-01 0.00000E+00 0.00000E+00 0.00000E+00
 2.00000E-01 5.86199E+00 1.92531E+00 9.79868E+00
 3.00000E-01 2.43392E+01 5.88577E+00 4.27926E+01
 4.00000E-01 6.33821E+01 2.97532E+01 9.70110E+01
 5.00000E-01 1.04951E+02 5.23518E+01 1.57551E+02
 6.00000E-01 1.40699E+02 7.79084E+01 2.03490E+02
 7.00000E-01 1.75000E+02 1.16849E+02 2.33152E+02
 8.00000E-01 2.11307E+02 1.54715E+02 2.67899E+02
 9.00000E-01 2.32485E+02 1.75325E+02 2.89644E+02
 1.00000E+00 2.81653E+02 2.07375E+02 3.55932E+02
 1.20000E+00 3.14864E+02 2.46249E+02 3.83479E+02
 1.40000E+00 3.39259E+02 2.65443E+02 4.13076E+02
 1.60000E+00 3.52395E+02 2.73273E+02 4.31517E+02
 1.80000E+00 3.74879E+02 2.90866E+02 4.58891E+02
 2.00000E+00 4.15897E+02 3.23861E+02 5.07933E+02
 2.20000E+00 4.57771E+02 3.57375E+02 5.58167E+02
 2.40000E+00 4.98219E+02 3.90776E+02 6.05661E+02
 2.60000E+00 5.36523E+02 4.23600E+02 6.49446E+02
 2.80000E+00 5.71970E+02 4.54579E+02 6.89362E+02
 3.00000E+00 6.04284E+02 4.83027E+02 7.25540E+02
 3.20000E+00 6.33239E+02 5.08709E+02 7.57770E+02
 3.40000E+00 6.59004E+02 5.32071E+02 7.85937E+02
 3.60000E+00 6.81635E+02 5.53345E+02 8.09926E+02
 3.80000E+00 7.01509E+02 5.72860E+02 8.30159E+02
 4.00000E+00 7.18954E+02 5.90731E+02 8.47176E+02
 4.20000E+00 7.34313E+02 6.07013E+02 8.61612E+02
 4.40000E+00 7.47994E+02 6.21808E+02 8.74179E+02
 4.60000E+00 7.60378E+02 6.35194E+02 8.85563E+02
 4.80000E+00 7.71864E+02 6.47302E+02 8.96426E+02
 5.00000E+00 7.82789E+02 6.58282E+02 9.07296E+02
 5.20000E+00 7.93389E+02 6.68244E+02 9.18535E+02
 5.40000E+00 8.03850E+02 6.77365E+02 9.30335E+02
 5.60000E+00 8.14324E+02 6.85892E+02 9.42756E+02
 5.80000E+00 8.24806E+02 6.93977E+02 9.55634E+02
 6.00000E+00 8.35393E+02 7.01946E+02 9.68841E+02
 6.20000E+00 8.46092E+02 7.10011E+02 9.82172E+02
 6.40000E+00 8.56899E+02 7.18385E+02 9.95413E+02
 6.60000E+00 8.67735E+02 7.27054E+02 1.00842E+03
 6.80000E+00 8.77587E+02 7.35545E+02 1.01963E+03
 7.00000E+00 8.84429E+02 7.42004E+02 1.02685E+03
 7.20000E+00 8.87591E+02 7.45559E+02 1.02962E+03
 7.40000E+00 8.84668E+02 7.44599E+02 1.02474E+03
 7.60000E+00 8.74630E+02 7.37549E+02 1.01171E+03
 7.80000E+00 8.58737E+02 7.25001E+02 9.92473E+02
 8.00000E+00 8.35942E+02 7.05397E+02 9.66487E+02
 8.50000E+00 7.53393E+02 6.31461E+02 8.75325E+02
 9.00000E+00 6.50982E+02 5.37229E+02 7.64735E+02
 9.50000E+00 5.39575E+02 4.34924E+02 6.44226E+02
 1.00000E+01 4.37726E+02 3.43971E+02 5.31482E+02
 1.05000E+01 3.50924E+02 2.68756E+02 4.33092E+02
 1.10000E+01 2.83459E+02 2.11700E+02 3.55218E+02
 1.15000E+01 2.32185E+02 1.68662E+02 2.95707E+02
 1.20000E+01 1.93578E+02 1.36238E+02 2.50918E+02
 1.25000E+01 1.64662E+02 1.11743E+02 2.17581E+02
 1.30000E+01 1.43282E+02 9.35889E+01 1.92974E+02
 1.35000E+01 1.27601E+02 8.03881E+01 1.74815E+02
 1.40000E+01 1.16160E+02 7.10549E+01 1.61266E+02
 1.45000E+01 1.07677E+02 6.44409E+01 1.50913E+02
 1.50000E+01 1.01424E+02 5.98826E+01 1.42966E+02
 1.60000E+01 9.31238E+01 5.44319E+01 1.31816E+02
 1.70000E+01 8.80641E+01 5.15953E+01 1.24533E+02
 1.80000E+01 8.45616E+01 4.98462E+01 1.19277E+02
 1.90000E+01 8.17121E+01 4.84308E+01 1.14993E+02
 2.00000E+01 8.03880E+01 4.83557E+01 1.12420E+02
 2.10000E+01 7.81516E+01 4.71252E+01 1.09178E+02
 2.20000E+01 7.57232E+01 4.57274E+01 1.05719E+02
 2.30000E+01 7.35302E+01 4.44073E+01 1.02653E+02
 2.40000E+01 7.17995E+01 4.35306E+01 1.00068E+02
 2.50000E+01 7.01365E+01 4.27050E+01 9.75681E+01
 2.60000E+01 6.89171E+01 4.23265E+01 9.55077E+01
 2.70000E+01 6.76838E+01 4.18904E+01 9.34771E+01
 2.80000E+01 6.67050E+01 4.16758E+01 9.17343E+01
 2.90000E+01 6.54575E+01 4.11504E+01 8.97646E+01
 3.00000E+01 6.39151E+01 4.03170E+01 8.75132E+01
 3.20000E+01 5.98623E+01 3.77605E+01 8.19640E+01
 3.40000E+01 5.56357E+01 3.50944E+01 7.61769E+01
 3.60000E+01 5.16992E+01 3.26113E+01 7.07870E+01
 3.80000E+01 4.87275E+01 3.07368E+01 6.67182E+01
 4.00000E+01 4.54042E+01 2.86405E+01 6.21678E+01
 4.20000E+01 4.21790E+01 2.66061E+01 5.77519E+01
 4.40000E+01 3.96269E+01 2.49963E+01 5.42576E+01
 4.60000E+01 3.85794E+01 2.43355E+01 5.28233E+01
 4.80000E+01 3.88128E+01 2.44827E+01 5.31428E+01
 5.00000E+01 3.90392E+01 2.46255E+01 5.34528E+01
 5.20000E+01 3.74033E+01 2.35936E+01 5.12130E+01
 5.40000E+01 3.53782E+01 2.23162E+01 4.84402E+01
 5.60000E+01 3.35174E+01 2.11425E+01 4.58924E+01
 5.80000E+01 3.19312E+01 2.01419E+01 4.37206E+01
 6.00000E+01 3.03799E+01 1.91634E+01 4.15965E+01
 6.50000E+01 2.69822E+01 1.70201E+01 3.69443E+01
 7.00000E+01 2.40138E+01 1.51476E+01 3.28799E+01
 7.50000E+01 2.16186E+01 1.36368E+01 2.96004E+01
 8.00000E+01 1.93645E+01 1.22150E+01 2.65141E+01
 9.00000E+01 1.57705E+01 9.94785E+00 2.15931E+01
 1.00000E+02 1.30601E+01 8.23819E+00 1.78820E+01
 1.10000E+02 1.09107E+01 6.88235E+00 1.49390E+01
 1.20000E+02 9.20685E+00 5.80759E+00 1.26061E+01
 1.30000E+02 7.84571E+00 4.94900E+00 1.07424E+01
 1.40000E+02 6.75711E+00 4.26231E+00 9.25190E+00
 1.50000E+02 5.87955E+00 3.70876E+00 8.05034E+00
 1.60000E+02 5.18454E+00 3.27035E+00 7.09872E+00
 1.80000E+02 4.12841E+00 2.60416E+00 5.65266E+00
 2.00000E+02 3.37209E+00 2.12708E+00 4.61710E+00
