#ZVView-data-copy:  30-Jan-2019 14:35:23
#=======================================
#
#name:   ENDF/B-VIII.0: XE-134(N,G)XE-135
#X.axis: Incident Energy
#Y.axis: Cross Section
#wdata:  2
#ldata:  2833
#data...
#            X            Y
#          MeV        barns
         1e-11      13.3264
   1.10304e-11      12.6887
   1.21669e-11      12.0816
   1.34206e-11      11.5034
   1.48034e-11       10.953
   1.63287e-11      10.4289
   1.80111e-11      9.92986
   1.98669e-11       9.4547
   2.19139e-11      9.00229
   2.41719e-11      8.57152
   2.66625e-11      8.16136
   2.94097e-11      7.77083
     3.244e-11      7.39899
   3.57825e-11      7.04494
   3.94694e-11      6.70784
   4.35362e-11      6.38686
   4.80221e-11      6.08124
   5.29701e-11      5.79025
    5.8428e-11      5.51318
   6.44483e-11      5.24937
   7.10888e-11      4.99818
   7.84136e-11      4.75901
   8.64931e-11      4.53129
   9.54051e-11      4.31446
   1.05235e-10      4.10801
   1.16078e-10      3.91144
   1.28039e-10      3.72427
   1.41231e-10      3.54606
   1.55784e-10      3.37638
   1.71835e-10      3.21481
    1.8954e-10      3.06098
    2.0907e-10      2.91451
   2.30612e-10      2.77505
   2.54374e-10      2.64226
   2.80584e-10      2.51582
   3.09494e-10      2.39544
   3.41383e-10      2.28081
   3.76558e-10      2.17167
   4.15358e-10      2.06775
   4.58155e-10      1.96881
   5.05362e-10       1.8746
   5.57433e-10      1.78489
   6.14869e-10      1.69948
   6.78223e-10      1.61816
   7.48105e-10      1.54073
   8.25188e-10        1.467
   9.10213e-10       1.3968
      1.004e-9      1.32996
    1.10745e-9      1.26632
    1.22155e-9      1.20572
    1.34742e-9      1.14802
    1.48625e-9      1.09308
    1.63939e-9      1.04078
    1.80831e-9     0.990971
    1.99463e-9     0.943549
    2.20016e-9     0.898396
    2.42685e-9     0.855403
    2.67691e-9     0.814467
    2.95273e-9      0.77549
    3.25697e-9     0.738378
    3.59256e-9     0.703042
    3.96272e-9     0.669397
    4.37103e-9     0.637364
    4.82141e-9     0.606866
    5.31819e-9     0.577832
    5.86616e-9     0.550194
    6.47059e-9     0.523887
     7.1373e-9     0.498843
    7.87271e-9     0.474998
    8.68389e-9     0.452286
    9.57865e-9     0.430646
    1.05656e-8     0.410027
    1.16543e-8     0.390389
    1.28551e-8     0.371696
    1.41796e-8     0.353907
    1.56406e-8     0.336977
    1.72522e-8     0.320856
    1.90298e-8     0.305492
    2.09906e-8     0.290853
    2.31534e-8     0.276914
    2.52419e-8     0.265195
       2.53e-8      0.26489
    2.79068e-8     0.252197
    3.07823e-8     0.240111
     3.3954e-8     0.228615
    3.74525e-8     0.217686
    4.13115e-8      0.20727
    4.55681e-8     0.197328
    5.02633e-8     0.187853
    5.54423e-8     0.178834
    6.11549e-8     0.170248
    6.74561e-8     0.162085
    7.44066e-8     0.154338
    8.26521e-8     0.146424
    9.11684e-8     0.139381
    1.00562e-7     0.132676
    1.10924e-7     0.126292
    1.22353e-7     0.120215
     1.3496e-7     0.114429
    1.48866e-7     0.108936
    1.65354e-7     0.103351
    1.82392e-7    0.0983638
    2.01185e-7    0.0936141
    2.21915e-7    0.0890917
     2.4478e-7    0.0847853
    2.70002e-7     0.080684
    2.97822e-7    0.0767811
    3.30826e-7    0.0728296
    3.64913e-7    0.0692901
    4.02512e-7    0.0659188
    4.43986e-7    0.0627091
    4.89733e-7    0.0596511
    5.40194e-7    0.0567372
     5.9168e-7    0.0541636
    6.61852e-7    0.0511485
    7.35197e-7    0.0484584
     8.1095e-7    0.0460694
    8.94508e-7    0.0437876
    9.86675e-7    0.0416139
    1.08834e-6    0.0395415
    1.20048e-6    0.0375655
     1.3149e-6    0.0358251
    1.45038e-6    0.0340201
    1.58869e-6    0.0324165
    1.72801e-6     0.030996
    1.89271e-6    0.0295167
    2.08772e-6     0.027997
    2.30284e-6     0.026543
    2.54012e-6    0.0251574
    2.84137e-6    0.0236525
    3.11233e-6    0.0224819
    3.38526e-6    0.0214437
    3.68212e-6    0.0204442
    4.03306e-6    0.0193989
    4.41767e-6     0.018401
    4.83872e-6     0.017439
    5.22643e-6    0.0166679
    5.68474e-6    0.0158398
    6.18325e-6    0.0150448
    6.72547e-6    0.0142806
    7.26399e-6     0.013604
    7.84603e-6    0.0129494
    8.47428e-6    0.0123152
    9.28242e-6     0.011594
    1.00964e-5    0.0109519
    1.09818e-5    0.0103361
    1.22842e-5    0.0095502
    1.33614e-5   0.00898552
    1.44313e-5   0.00848622
    1.54784e-5    0.0080469
    1.64861e-5   0.00766317
    1.75584e-5    0.0072914
    1.87015e-5   0.00693043
    2.00585e-5     0.006541
    2.16646e-5   0.00613051
    2.32366e-5   0.00576901
    2.49226e-5     0.005423
     2.6545e-5   0.00512264
    2.84711e-5   0.00479939
     3.0537e-5   0.00448992
    3.27527e-5   0.00419371
    3.48832e-5    0.0039375
    3.68938e-5   0.00371786
    3.90203e-5   0.00350646
    4.09823e-5   0.00332762
    4.30409e-5   0.00315516
     4.5205e-5   0.00298862
    4.74757e-5   0.00282815
    4.98628e-5   0.00267319
    5.27368e-5   0.00250298
    5.57765e-5   0.00234146
    5.89913e-5   0.00218652
    6.19545e-5   0.00205751
    6.55254e-5   0.00191656
    6.88201e-5   0.00179866
    7.22769e-5   0.00168678
    7.69821e-5   0.00155028
    8.14192e-5   0.00143644
    8.55089e-5   0.00134191
    8.98084e-5   0.00125228
    9.36634e-5   0.00117905
    9.76838e-5   0.00110933
   0.000101868   0.00104315
    0.00010624  0.000980096
   0.000110024   0.00092985
   0.000113949   0.00088172
   0.000118008  0.000835788
   0.000122087  0.000793142
   0.000126436  0.000751227
   0.000130946  0.000711183
    0.00013561  0.000673042
   0.000141297  0.000630409
   0.000147362  0.000589727
   0.000153554  0.000551952
   0.000159818  0.000517784
   0.000166227  0.000486018
   0.000172786  0.000456841
    0.00017895  0.000432032
   0.000185324  0.000408751
   0.000192595  0.000385001
   0.000199393  0.000365149
   0.000206077  0.000347645
   0.000214157  0.000329127
   0.000221796  0.000314095
   0.000227874  0.000303842
   0.000234349  0.000294458
   0.000240081  0.000287748
   0.000246903   0.00028158
    0.00025214  0.000278552
   0.000256355  0.000277221
     0.0002586  0.000276872
   0.000262248  0.000277261
   0.000265948  0.000278783
     0.0002697  0.000281658
   0.000273505  0.000286203
    0.00027669  0.000291282
   0.000279618  0.000297622
   0.000282573  0.000305623
   0.000285556  0.000315892
   0.000287563  0.000324181
   0.000289585   0.00033389
    0.00029162  0.000345276
   0.000292638   0.00035155
   0.000294702  0.000366108
   0.000296767  0.000383154
   0.000298587  0.000400703
   0.000300408  0.000421167
   0.000302317   0.00044612
   0.000303724  0.000467432
   0.000305265  0.000494097
   0.000306392  0.000516103
   0.000307459  0.000539348
   0.000308882  0.000574463
   0.000310123  0.000609456
   0.000311363  0.000649457
   0.000312519  0.000691999
   0.000313503  0.000732813
   0.000314488  0.000778737
   0.000315479  0.000831173
   0.000316142  0.000870189
   0.000316806  0.000912775
   0.000317469  0.000959398
   0.000318229   0.00101862
   0.000318988   0.00108439
   0.000319558   0.00113906
   0.000320318   0.00121989
   0.000320859   0.00128356
   0.000321385   0.00135134
   0.000321911   0.00142556
   0.000322437   0.00150707
   0.000322963   0.00159671
   0.000323473   0.00169231
    0.00032395   0.00179077
   0.000324426   0.00189931
   0.000324903   0.00201893
    0.00032538   0.00215101
   0.000325857   0.00229807
   0.000326361   0.00247248
   0.000326698   0.00260074
   0.000327034   0.00273997
   0.000327371   0.00289153
   0.000327707   0.00305689
   0.000328043   0.00323775
    0.00032838   0.00343607
   0.000328679   0.00362866
   0.000329071   0.00390805
   0.000329332   0.00411373
   0.000329593   0.00433709
   0.000329854   0.00458004
   0.000330116   0.00484463
   0.000330377    0.0051334
   0.000330638   0.00544974
    0.00033094   0.00585419
   0.000331241    0.0063073
   0.000331442   0.00664027
   0.000331643   0.00700119
   0.000331844    0.0073933
   0.000332045   0.00782026
   0.000332246   0.00828622
   0.000332488   0.00890368
   0.000332729   0.00959448
    0.00033289    0.0101018
    0.00033305    0.0106515
   0.000333211    0.0112484
   0.000333372     0.011898
   0.000333533    0.0126067
   0.000333729    0.0135611
   0.000333925    0.0146301
   0.000334055    0.0154155
   0.000334186     0.016267
   0.000334317    0.0171923
   0.000334447    0.0182003
   0.000334578    0.0193016
   0.000334729    0.0207038
    0.00033488     0.022268
    0.00033503    0.0240201
   0.000335131    0.0253079
   0.000335231    0.0267042
   0.000335332    0.0282215
   0.000335427    0.0297883
   0.000335518    0.0313987
   0.000335608    0.0331459
   0.000335699    0.0350462
   0.000335789    0.0371183
   0.000335879    0.0393838
    0.00033597    0.0418681
    0.00033606    0.0446008
   0.000336141    0.0472666
   0.000336211    0.0498052
   0.000336281    0.0525595
   0.000336352    0.0555552
   0.000336422    0.0588222
   0.000336493    0.0623954
   0.000336563    0.0663157
   0.000336633    0.0706314
   0.000336696    0.0748652
   0.000336751    0.0789278
   0.000336807    0.0833459
   0.000336862    0.0881646
   0.000336917    0.0934375
   0.000336972    0.0992279
   0.000337028     0.105613
   0.000337083     0.112686
   0.000337133     0.119812
   0.000337178     0.126886
   0.000337224     0.134693
   0.000337269     0.143363
   0.000337314     0.153067
   0.000337348     0.161157
   0.000337382     0.170076
   0.000337416     0.179978
    0.00033745     0.191059
   0.000337481     0.202584
   0.000337508     0.213388
   0.000337534     0.225407
    0.00033756     0.238858
   0.000337587     0.254002
   0.000337613      0.27115
   0.000337631      0.28388
   0.000337648     0.297796
   0.000337666     0.313041
   0.000337683     0.329779
   0.000337701     0.348191
   0.000337719      0.36848
   0.000337736     0.390873
   0.000337754      0.41562
   0.000337769      0.43892
   0.000337784     0.464347
   0.000337799     0.492113
   0.000337814     0.522444
   0.000337829     0.555591
   0.000337844     0.591819
   0.000337859     0.631419
   0.000337874     0.674697
   0.000337889     0.721996
   0.000337905     0.773665
    0.00033792      0.83009
   0.000337935     0.891672
    0.00033795     0.958854
   0.000337965      1.03208
    0.00033798      1.11185
   0.000337995      1.19865
   0.000338008      1.27676
    0.00033802      1.36044
   0.000338033      1.45005
   0.000338045       1.5459
   0.000338058      1.64838
    0.00033807      1.75783
   0.000338083      1.87463
   0.000338096      1.99915
   0.000338108       2.1318
   0.000338127      2.34683
   0.000338146      2.58232
   0.000338165      2.83964
   0.000338183      3.12009
   0.000338201      3.40389
   0.000338216      3.66489
   0.000338231      3.94295
   0.000338251      4.34121
   0.000338266      4.66126
   0.000338286      5.11744
   0.000338307      5.60821
   0.000338327      6.13438
   0.000338347      6.69653
   0.000338372      7.45032
   0.000338395      8.17724
   0.000338417      8.94941
    0.00033844      9.76577
    0.00033847      10.9195
   0.000338504      12.2889
   0.000338543       13.975
   0.000338602      16.6583
   0.000338694      20.9055
   0.000338741      22.9125
   0.000338783      24.5928
   0.000338821      25.9525
   0.000338854      26.9269
   0.000338886      27.7351
   0.000338918      28.3594
   0.000338949      28.7698
   0.000338978      28.9902
      0.000339      29.0369
   0.000339029      28.9507
   0.000339058      28.6891
   0.000339088      28.2357
   0.000339113       27.753
   0.000339142      27.0378
   0.000339177      25.9666
    0.00033921      24.8266
   0.000339249      23.2981
   0.000339297      21.2329
   0.000339368      18.0235
   0.000339434       14.981
    0.00033947      13.3808
   0.000339505      11.9144
   0.000339535      10.7053
   0.000339565      9.56631
   0.000339588      8.76159
   0.000339612      7.96029
   0.000339638      7.13357
   0.000339656      6.61711
   0.000339673      6.12838
   0.000339691       5.6671
   0.000339709      5.23295
   0.000339726      4.82534
   0.000339744      4.44367
   0.000339761      4.09941
   0.000339778      3.77782
   0.000339795      3.47804
   0.000339812      3.19919
   0.000339828      2.94036
   0.000339845       2.7006
   0.000339862      2.47895
   0.000339879      2.27446
   0.000339896      2.08611
   0.000339913      1.91298
   0.000339925      1.80554
    0.00033994      1.67164
   0.000339955      1.54787
    0.00033997       1.4336
   0.000339985      1.32822
       0.00034      1.23114
   0.000340015      1.14182
    0.00034003      1.05969
   0.000340045     0.984261
    0.00034006     0.915023
   0.000340075     0.851525
    0.00034009     0.793323
   0.000340106     0.740009
   0.000340121     0.691186
   0.000340136     0.646497
   0.000340151     0.605598
   0.000340166     0.568174
   0.000340183     0.528506
   0.000340201     0.492735
   0.000340219     0.460462
   0.000340236     0.431331
   0.000340254     0.405012
   0.000340271     0.381212
   0.000340289     0.359662
   0.000340306     0.340124
   0.000340324     0.322378
   0.000340342     0.306233
   0.000340359     0.291515
   0.000340377     0.278069
   0.000340403     0.259988
    0.00034043     0.244059
   0.000340447     0.234468
    0.00034047     0.223182
   0.000340492      0.21293
   0.000340526     0.199197
    0.00034056     0.187115
   0.000340594     0.176387
   0.000340628     0.166782
   0.000340662     0.158115
   0.000340696     0.150243
   0.000340741     0.140786
   0.000340786     0.132325
   0.000340837     0.123895
   0.000340892     0.115612
   0.000340947       0.1082
   0.000341002     0.101526
   0.000341058    0.0954878
   0.000341113    0.0899998
   0.000341168     0.084993
   0.000341224    0.0804098
   0.000341286    0.0756542
   0.000341357    0.0708286
   0.000341427    0.0664643
   0.000341497    0.0625023
   0.000341568    0.0588933
   0.000341638    0.0555954
   0.000341708     0.052573
   0.000341779    0.0497956
   0.000341854    0.0470618
   0.000341935    0.0443911
   0.000342015    0.0419454
   0.000342095    0.0396997
   0.000342176    0.0376325
   0.000342256    0.0357251
   0.000342377    0.0331287
   0.000342457    0.0315541
   0.000342558    0.0297409
   0.000342658    0.0280817
   0.000342759    0.0265593
   0.000342859    0.0251592
    0.00034296    0.0238683
    0.00034311     0.022113
   0.000343261    0.0205469
   0.000343392    0.0193219
   0.000343522    0.0182045
   0.000343653    0.0171822
   0.000343784    0.0162442
   0.000343914    0.0153816
   0.000344045    0.0145864
   0.000344176    0.0138518
   0.000344306    0.0131719
   0.000344457    0.0124484
   0.000344608    0.0117835
   0.000344759    0.0111711
   0.000344909    0.0106057
   0.000345136   0.00983585
   0.000345362   0.00914797
   0.000345512   0.00872926
   0.000345703   0.00823935
   0.000345894   0.00778994
   0.000346085   0.00737671
   0.000346276   0.00699595
   0.000346467   0.00664441
   0.000346754    0.0061656
    0.00034704   0.00573759
   0.000347301   0.00538553
   0.000347563   0.00506556
   0.000347824   0.00477388
   0.000348085   0.00450727
   0.000348346   0.00426297
   0.000348608   0.00403851
   0.000348869   0.00383159
    0.00034913   0.00364035
   0.000349472   0.00341156
   0.000349814   0.00320433
   0.000350155   0.00301603
   0.000350497   0.00284447
   0.000350839   0.00268787
   0.000351181   0.00254447
   0.000351522   0.00241252
   0.000351864   0.00229074
   0.000352216   0.00217511
   0.000352743   0.00201815
   0.000353271   0.00187838
   0.000353799   0.00175335
   0.000354326   0.00164106
   0.000354865   0.00153776
   0.000355427   0.00144078
   0.000355988   0.00135331
    0.00035655   0.00127422
   0.000357111   0.00120241
   0.000357673   0.00113687
   0.000358354   0.00106488
   0.000359036   0.00100015
   0.000359717  0.000941651
   0.000360398  0.000888614
    0.00036114  0.000836406
   0.000361882  0.000789193
   0.000362624  0.000746349
   0.000363365  0.000707357
   0.000364403  0.000658514
   0.000365441  0.000615161
   0.000366547  0.000574242
   0.000367374  0.000546715
   0.000368614   0.00050958
   0.000369857  0.000476755
   0.000371105  0.000447661
   0.000372352  0.000421572
   0.000373572  0.000398599
   0.000374778   0.00037824
   0.000375984  0.000359864
   0.000377592  0.000337917
     0.0003792  0.000318391
   0.000380707  0.000302048
   0.000382215  0.000287364
   0.000383723  0.000274224
    0.00038523  0.000262127
    0.00038724  0.000247714
    0.00038925   0.00023492
    0.00039126  0.000223501
    0.00039327  0.000213259
    0.00039528  0.000204027
    0.00039729  0.000195671
     0.0003993  0.000188076
   0.000402315  0.000177931
    0.00040533   0.00016897
   0.000408345  0.000161083
   0.000410794  0.000155297
   0.000415125  0.000146272
     0.0004194  0.000138548
   0.000423615  0.000131923
    0.00042783  0.000126037
    0.00043064  0.000122503
    0.00043626  0.000116164
    0.00044188  0.000110639
     0.0004475  0.000105779
    0.00045312  0.000101467
    0.00045874   9.76123e-5
    0.00046436   9.41425e-5
   0.000472789    8.9564e-5
   0.000481219   8.55298e-5
   0.000489649   8.20236e-5
   0.000498079   7.88905e-5
   0.000509319   7.52592e-5
   0.000520559   7.21263e-5
   0.000531799   6.94139e-5
   0.000543039   6.70625e-5
   0.000554278   6.50272e-5
   0.000565518    6.3274e-5
   0.000581588    6.1232e-5
   0.000592146   6.01311e-5
   0.000604706   5.90648e-5
   0.000617563   5.82476e-5
   0.000630663   5.77083e-5
   0.000644072    5.7432e-5
   0.000651243   5.74032e-5
   0.000664245   5.76004e-5
   0.000677246    5.8074e-5
   0.000690247   5.89049e-5
   0.000703249   6.00634e-5
   0.000711916   6.10671e-5
   0.000720584   6.22654e-5
   0.000729251    6.3677e-5
   0.000737919   6.53245e-5
   0.000746587   6.72347e-5
   0.000755254   6.94394e-5
   0.000763922   7.19768e-5
   0.000772589   7.48929e-5
   0.000781257   7.82431e-5
   0.000789924   8.20948e-5
   0.000798592   8.65255e-5
   0.000805093   9.03046e-5
   0.000811593   9.44952e-5
   0.000818094   9.92158e-5
   0.000824595  0.000104469
   0.000831095  0.000110421
   0.000837596  0.000117084
    0.00084193  0.000122025
   0.000846264  0.000127404
   0.000850597   0.00013327
   0.000854931  0.000139683
   0.000859265  0.000146707
   0.000863599  0.000154422
   0.000867932  0.000162918
   0.000872266  0.000172301
     0.0008766  0.000182687
    0.00088125  0.000195159
    0.00088435  0.000204308
    0.00088745  0.000214223
    0.00089055  0.000224992
    0.00089365  0.000236714
    0.00089675  0.000249504
    0.00089985  0.000263496
    0.00090295  0.000278842
    0.00090605  0.000295724
     0.0009076  0.000304713
     0.0009107  0.000324291
     0.0009138  0.000346001
     0.0009169  0.000370165
       0.00092  0.000397098
   0.000922325  0.000419416
    0.00092465  0.000443862
   0.000926975  0.000470666
     0.0009293  0.000500113
   0.000931625  0.000532595
    0.00093395  0.000568507
   0.000936275  0.000608392
     0.0009386  0.000652778
    0.00094046  0.000692046
    0.00094232  0.000735152
    0.00094418  0.000782583
    0.00094604  0.000834929
     0.0009479  0.000892891
   0.000949803  0.000958784
   0.000951727   0.00103349
   0.000953009   0.00108853
   0.000954288    0.0011479
   0.000955564   0.00121219
    0.00095684   0.00128216
   0.000958115   0.00135842
   0.000959382   0.00144133
    0.00096064   0.00153159
   0.000961898   0.00163066
   0.000963156   0.00173965
   0.000964356   0.00185474
     0.0009655   0.00197554
   0.000966644   0.00210874
   0.000967788   0.00225613
   0.000968679   0.00238211
   0.000969634   0.00252945
    0.00097059   0.00269096
   0.000971545   0.00286871
   0.000972501   0.00306491
   0.000973456   0.00328187
   0.000974361   0.00350942
   0.000975265    0.0037621
    0.00097617   0.00404348
   0.000977074   0.00435793
   0.000977677   0.00458857
    0.00097828   0.00483818
   0.000979062   0.00519361
   0.000979844   0.00559008
   0.000980625   0.00603429
   0.000981147   0.00636064
   0.000981668   0.00671384
   0.000982189   0.00709693
   0.000982669    0.0074803
   0.000983329   0.00806077
   0.000983769   0.00848677
   0.000984209   0.00894783
   0.000984649   0.00944791
   0.000985088   0.00999135
   0.000985528    0.0105828
   0.000985968    0.0112281
   0.000986479    0.0120558
   0.000986991    0.0129797
   0.000987503     0.014015
   0.000987843    0.0147763
   0.000988184    0.0156018
   0.000988525     0.016499
   0.000988835    0.0173841
   0.000989254    0.0186974
   0.000989672    0.0201666
   0.000989951     0.021245
    0.00099023    0.0224127
    0.00099051    0.0236796
   0.000990789    0.0250576
   0.000991052    0.0264734
     0.0009913    0.0279194
   0.000991548    0.0294884
   0.000991796    0.0311946
   0.000992044    0.0330546
   0.000992292    0.0350873
    0.00099254     0.037315
   0.000992788    0.0397634
   0.000993005    0.0421103
   0.000993284    0.0454482
    0.00099347    0.0479006
   0.000993656    0.0505587
   0.000993842    0.0534466
   0.000994028    0.0565924
   0.000994214    0.0600282
     0.0009944    0.0637917
   0.000994555    0.0672094
    0.00099471    0.0709139
   0.000994865    0.0749387
    0.00099502    0.0793222
   0.000995175     0.084109
    0.00099533    0.0893507
   0.000995485    0.0951081
    0.00099564     0.101452
   0.000995764     0.107006
   0.000995888      0.11304
   0.000996012     0.119612
   0.000996136     0.126789
    0.00099626     0.134651
   0.000996384      0.14329
   0.000996508     0.152817
   0.000996632     0.163361
   0.000996725     0.172031
   0.000996818      0.18144
   0.000996911      0.19168
   0.000997004     0.202857
   0.000997097     0.215101
    0.00099719     0.228562
   0.000997283      0.24343
   0.000997376     0.259934
   0.000997453      0.27515
   0.000997531     0.291924
   0.000997609     0.310534
   0.000997686     0.331343
   0.000997744     0.348676
   0.000997802     0.367774
    0.00099786     0.388968
   0.000997919     0.412677
   0.000997977     0.439437
   0.000998027     0.465621
   0.000998073      0.49276
    0.00099812     0.523299
   0.000998167     0.557895
   0.000998197     0.583597
   0.000998229     0.611725
    0.00099826      0.64259
    0.00099829     0.676545
   0.000998322     0.713985
   0.000998352     0.755357
   0.000998384     0.801165
   0.000998414     0.851971
   0.000998446     0.908405
   0.000998477      0.97117
   0.000998506      1.03646
   0.000998533      1.10366
    0.00099856      1.17756
   0.000998587      1.25885
   0.000998614      1.34828
   0.000998641      1.44667
   0.000998668       1.5549
   0.000998695      1.67391
   0.000998723      1.80473
    0.00099875      1.94846
   0.000998777      2.10627
   0.000998804      2.27939
   0.000998831      2.46917
   0.000998858      2.67699
   0.000998885      2.90434
   0.000998912      3.15278
   0.000998936      3.38374
   0.000998965      3.69753
   0.000998994      4.04123
   0.000999023      4.41705
   0.000999052      4.82731
   0.000999081      5.27434
    0.00099911      5.76062
   0.000999139      6.28849
   0.000999168      6.86044
   0.000999197      7.47885
   0.000999226      8.14616
   0.000999253      8.81511
    0.00099928      9.50414
   0.000999306      10.2379
   0.000999341      11.2882
   0.000999375      12.4238
    0.00099941      13.6474
   0.000999445      14.9611
    0.00099948      16.3664
   0.000999515      17.8642
   0.000999556      19.7288
   0.000999596      21.7179
   0.000999637      23.8285
   0.000999691      26.8226
   0.000999752      30.4039
   0.000999813      34.1629
    0.00099991       40.539
    0.00100007      51.3661
    0.00100015      56.0668
    0.00100022      60.3995
    0.00100028      63.5439
    0.00100033      65.9313
    0.00100038      67.7717
    0.00100043      69.2196
    0.00100048      70.4655
    0.00100053      71.3075
    0.00100058      71.7429
     0.0010006      71.7823
    0.00100065       71.565
    0.00100069      71.0071
    0.00100074      70.0549
     0.0010008      68.2609
    0.00100086      66.3121
    0.00100091      64.0876
    0.00100097      61.0339
    0.00100103      57.1458
    0.00100111      52.5216
    0.00100123      44.3325
    0.00100135      36.7721
    0.00100141      32.8698
    0.00100148      28.6609
    0.00100153      25.3681
    0.00100158      22.7135
    0.00100163      20.4556
    0.00100167      18.3487
     0.0010017      17.0297
    0.00100173      15.7793
    0.00100176      14.5973
    0.00100179       13.483
    0.00100183      12.3535
    0.00100186      11.2241
     0.0010019      10.1796
    0.00100192       9.4501
    0.00100195      8.76546
    0.00100197      8.12315
      0.001002      7.52252
    0.00100203      6.96145
    0.00100205      6.43842
    0.00100208      5.95138
     0.0010021      5.59643
    0.00100212      5.21509
    0.00100215      4.85862
    0.00100217      4.52581
    0.00100219      4.21538
    0.00100222      3.92615
    0.00100224      3.65699
    0.00100226      3.40678
    0.00100229      3.17435
    0.00100231      2.95864
    0.00100233      2.75868
    0.00100236      2.57347
    0.00100238      2.40203
     0.0010024      2.24346
    0.00100243      2.09691
    0.00100245      1.96155
    0.00100247       1.8266
     0.0010025      1.69381
    0.00100253        1.573
    0.00100256      1.46313
    0.00100258      1.36322
    0.00100261      1.27239
    0.00100264      1.18983
    0.00100266      1.11477
    0.00100269      1.04651
    0.00100272     0.984393
    0.00100274     0.927858
    0.00100277     0.876361
     0.0010028     0.829405
    0.00100283     0.786546
    0.00100285     0.747385
    0.00100288     0.711553
    0.00100291     0.674245
    0.00100295     0.636396
    0.00100298     0.602385
    0.00100302     0.571723
    0.00100305     0.543985
    0.00100309     0.518801
    0.00100312     0.495856
    0.00100317     0.465045
    0.00100323     0.437859
    0.00100328     0.413695
    0.00100333     0.392041
    0.00100338     0.372499
    0.00100345     0.349173
    0.00100352     0.328423
    0.00100359     0.309806
    0.00100366     0.292972
    0.00100373     0.277655
    0.00100382      0.25923
    0.00100392     0.242738
    0.00100401     0.227886
     0.0010041     0.214439
     0.0010042     0.202212
     0.0010043     0.189281
    0.00100441     0.177603
    0.00100452     0.167011
    0.00100463      0.15737
    0.00100474     0.148564
    0.00100485     0.140498
    0.00100496     0.133087
    0.00100506     0.126262
     0.0010052     0.118247
    0.00100534     0.110986
    0.00100548     0.104387
    0.00100562    0.0983687
    0.00100576    0.0928646
     0.0010059     0.087817
    0.00100604    0.0831757
    0.00100618    0.0788982
    0.00100635    0.0741088
    0.00100652    0.0697482
    0.00100669    0.0657656
    0.00100686    0.0621186
    0.00100703    0.0587697
     0.0010072    0.0556872
    0.00100737     0.052843
    0.00100754    0.0502131
    0.00100776    0.0471422
    0.00100798    0.0443465
    0.00100819    0.0417936
    0.00100841    0.0394562
    0.00100863    0.0373103
    0.00100885    0.0353357
    0.00100906    0.0335142
    0.00100928    0.0318305
    0.00100954    0.0299779
     0.0010098    0.0282829
    0.00101006     0.026728
    0.00101032    0.0252983
    0.00101058    0.0239805
    0.00101084    0.0227635
    0.00101123    0.0211052
    0.00101151    0.0200265
     0.0010118    0.0189621
     0.0010121    0.0179807
    0.00101255    0.0166457
      0.001013    0.0154542
    0.00101345    0.0143863
    0.00101374    0.0137348
    0.00101412    0.0129754
     0.0010145    0.0122773
    0.00101487    0.0116344
    0.00101525    0.0110411
    0.00101581    0.0102333
    0.00101638   0.00951086
    0.00101675   0.00907046
    0.00101721   0.00857045
    0.00101767   0.00811063
    0.00101813   0.00768686
     0.0010186   0.00729548
    0.00101929   0.00676218
    0.00101998   0.00628544
    0.00102044   0.00599521
    0.00102106   0.00563563
    0.00102168   0.00530732
     0.0010223   0.00500681
    0.00102292    0.0047311
    0.00102354   0.00447756
    0.00102416   0.00424389
    0.00102478   0.00402807
    0.00102571   0.00373433
    0.00102664   0.00347192
    0.00102756   0.00323617
    0.00102849   0.00302364
    0.00102942    0.0028314
    0.00103035     0.002657
    0.00103122   0.00250762
    0.00103209   0.00237045
    0.00103325   0.00220416
    0.00103442   0.00205477
    0.00103565   0.00191278
    0.00103694   0.00177849
    0.00103824   0.00165791
    0.00103953   0.00154941
     0.0010408    0.0014531
    0.00104204   0.00136733
    0.00104328   0.00128895
    0.00104452   0.00121716
    0.00104574   0.00115213
    0.00104695   0.00109303
    0.00104875   0.00101258
    0.00104996  0.000963782
    0.00105133  0.000912444
     0.0010527  0.000865128
    0.00105407  0.000821422
    0.00105545   0.00078097
    0.00105708  0.000736603
    0.00105871  0.000695947
    0.00106035   0.00065886
    0.00106198  0.000624439
    0.00106442  0.000577874
    0.00106686    0.0005364
     0.0010693  0.000499291
    0.00107174  0.000465944
    0.00107419  0.000435863
    0.00107616  0.000413543
    0.00107849  0.000389551
    0.00108081  0.000367628
    0.00108314  0.000347543
    0.00108585  0.000326378
     0.0010874  0.000314941
     0.0010905   0.00029403
     0.0010936  0.000275188
     0.0010967  0.000258152
     0.0010998  0.000242699
     0.0011029  0.000228639
      0.001106  0.000215809
     0.0011091  0.000204071
     0.0011122  0.000193304
     0.0011153  0.000183405
     0.0011184  0.000174283
     0.0011215  0.000165859
     0.0011261  0.000154519
    0.00113067    0.0001444
    0.00113522  0.000135368
    0.00113977  0.000127184
    0.00114432  0.000119799
    0.00114887  0.000113067
    0.00115342  0.000106953
    0.00115797  0.000101349
    0.00116252   9.62767e-5
    0.00116707   9.15342e-5
    0.00117314   8.58353e-5
    0.00117921   8.07147e-5
    0.00118527   7.60975e-5
    0.00119134   7.19206e-5
    0.00119741   6.81304e-5
    0.00120348   6.46812e-5
    0.00120954   6.15342e-5
    0.00121561   5.86557e-5
    0.00122168   5.60166e-5
    0.00122775   5.35919e-5
    0.00123381   5.13595e-5
    0.00124292   4.83424e-5
    0.00125202   4.56369e-5
    0.00126112   4.32419e-5
    0.00127022    4.1081e-5
    0.00127932   3.91559e-5
    0.00128842   3.74106e-5
    0.00129449   3.63491e-5
    0.00130662   3.44288e-5
    0.00131876   3.27462e-5
    0.00133116   3.12477e-5
    0.00134357   2.99227e-5
    0.00135597   2.87748e-5
    0.00136838   2.77607e-5
    0.00138491   2.66126e-5
    0.00140145   2.56601e-5
    0.00141799   2.48794e-5
    0.00143453   2.42512e-5
    0.00145107   2.37601e-5
    0.00146761   2.33943e-5
    0.00148415   2.31445e-5
    0.00150069   2.30042e-5
    0.00151722   2.29687e-5
    0.00153863   2.30823e-5
     0.0015503   2.32021e-5
    0.00156684   2.34705e-5
    0.00158338   2.38421e-5
    0.00159992   2.43205e-5
    0.00161646   2.49109e-5
      0.001633   2.56203e-5
    0.00164953   2.64576e-5
    0.00166607   2.74341e-5
    0.00168261   2.85634e-5
    0.00169915   2.98622e-5
    0.00171569   3.13506e-5
    0.00173223   3.30532e-5
    0.00174877   3.49981e-5
    0.00176117   3.66442e-5
    0.00177358   3.84534e-5
    0.00178598   4.04738e-5
    0.00179838   4.26981e-5
    0.00181079   4.51907e-5
    0.00182319   4.79451e-5
     0.0018356   5.10473e-5
    0.00184387   5.33102e-5
    0.00185222    5.5783e-5
    0.00186068   5.84891e-5
    0.00186912   6.14262e-5
    0.00187758   6.46199e-5
    0.00188603   6.80995e-5
    0.00189025   6.99282e-5
     0.0018987   7.38975e-5
    0.00190715   7.82459e-5
     0.0019156   8.30216e-5
    0.00192405   8.82806e-5
     0.0019325   9.40885e-5
    0.00194095  0.000100522
     0.0019494  0.000107674
    0.00195785   0.00011564
    0.00196419  0.000122243
    0.00197053  0.000129432
    0.00197686  0.000137323
     0.0019832  0.000145952
    0.00198912  0.000154796
    0.00199503  0.000164479
    0.00200095  0.000175118
    0.00200686   0.00018684
    0.00201278  0.000199798
    0.00201869   0.00021417
    0.00202534  0.000232248
     0.0020298  0.000245689
    0.00203427   0.00026041
    0.00203875  0.000276533
    0.00204323  0.000294246
    0.00204772  0.000313722
    0.00205221  0.000335208
    0.00205614  0.000355962
    0.00205952  0.000375338
     0.0020629  0.000396343
    0.00206628  0.000419163
    0.00206966  0.000444015
    0.00207304  0.000471146
    0.00207642  0.000500841
     0.0020798  0.000533433
     0.0020825  0.000561643
    0.00208552   0.00059616
    0.00208854  0.000633953
    0.00209157  0.000675444
    0.00209459   0.00072114
    0.00209761  0.000771638
    0.00210035   0.00082209
    0.00210309  0.000877527
    0.00210588  0.000939991
    0.00210877   0.00101211
    0.00211166   0.00109285
    0.00211355    0.0011512
    0.00211542   0.00121332
    0.00211729   0.00128059
    0.00211916   0.00135349
    0.00212094   0.00142896
    0.00212263   0.00150666
    0.00212431   0.00159087
    0.00212601   0.00168232
    0.00212766   0.00177993
    0.00212929   0.00188414
    0.00213092   0.00199772
    0.00213254    0.0021217
    0.00213425   0.00226513
    0.00213605   0.00243191
     0.0021374   0.00256936
    0.00213874   0.00271878
    0.00214009   0.00288159
    0.00214137   0.00305071
    0.00214262   0.00323043
    0.00214388   0.00342637
    0.00214513   0.00363983
    0.00214638   0.00387409
    0.00214765   0.00413693
    0.00214897    0.0044376
    0.00215028   0.00477218
     0.0021516   0.00514611
    0.00215247   0.00542034
    0.00215335   0.00571705
    0.00215423   0.00603873
    0.00215537   0.00649949
    0.00215651    0.0070151
    0.00215727   0.00739372
    0.00215803   0.00780386
    0.00215879   0.00824914
    0.00215955   0.00873374
    0.00216031   0.00926231
     0.0021612   0.00994179
    0.00216209    0.0106987
    0.00216297    0.0115455
    0.00216357     0.012167
    0.00216416    0.0128399
    0.00216475    0.0135699
     0.0021653     0.014305
    0.00216606    0.0154261
    0.00216657    0.0162488
    0.00216707    0.0171389
    0.00216758    0.0181038
    0.00216809    0.0191521
    0.00216859    0.0202946
     0.0021691    0.0215431
    0.00216952    0.0226744
    0.00216995    0.0238976
    0.00217037    0.0252229
    0.00217079    0.0266619
    0.00217121    0.0282281
    0.00217163    0.0299369
    0.00217206    0.0318063
    0.00217248    0.0338571
    0.00217282    0.0356447
    0.00217316    0.0375783
    0.00217349    0.0396745
    0.00217383    0.0419519
    0.00217417    0.0444324
    0.00217451    0.0471409
    0.00217485    0.0501064
    0.00217518    0.0533623
    0.00217556    0.0574219
    0.00217594    0.0619657
     0.0021762    0.0653032
    0.00217645    0.0689201
    0.00217671    0.0728489
    0.00217696    0.0771273
    0.00217721     0.081799
    0.00217753    0.0882702
    0.00217774    0.0930273
    0.00217795    0.0981861
    0.00217816     0.103794
    0.00217837     0.109905
    0.00217859     0.116583
     0.0021788     0.123901
    0.00217899     0.131106
    0.00217916     0.138064
    0.00217932     0.145605
    0.00217949     0.153796
    0.00217966     0.162718
    0.00217983     0.172463
       0.00218      0.18314
    0.00218017     0.194875
    0.00218033     0.206973
    0.00218048     0.219354
    0.00218062     0.232934
    0.00218077     0.247882
    0.00218092     0.264405
    0.00218107     0.282753
    0.00218122     0.303236
    0.00218133     0.320233
    0.00218144     0.338851
    0.00218154     0.358328
    0.00218165     0.379773
    0.00218175     0.403526
    0.00218186     0.430004
    0.00218194     0.451975
    0.00218202     0.476057
     0.0021821     0.502594
    0.00218218     0.531996
    0.00218226      0.56477
    0.00218233     0.598936
     0.0021824     0.635729
    0.00218247     0.676937
    0.00218254     0.723345
    0.00218261     0.775836
    0.00218266     0.814732
    0.00218271     0.857186
    0.00218276     0.903578
     0.0021828     0.954371
    0.00218285      1.01004
     0.0021829      1.07117
    0.00218295      1.13834
    0.00218299      1.21222
    0.00218304      1.29352
     0.0021831      1.39491
    0.00218315      1.50794
     0.0021832      1.63399
    0.00218324      1.72598
    0.00218327      1.82487
    0.00218331      1.93116
    0.00218335      2.04537
    0.00218338      2.16806
    0.00218342      2.29978
    0.00218345      2.44111
    0.00218349      2.59268
    0.00218352      2.75513
    0.00218356      2.92911
    0.00218359      3.11528
    0.00218364      3.39077
    0.00218369      3.67689
    0.00218374      3.98798
    0.00218378       4.3259
    0.00218383      4.69202
    0.00218388      5.08814
    0.00218392      5.51577
    0.00218397      5.97659
    0.00218401      6.47195
    0.00218406      7.00338
    0.00218411      7.57196
    0.00218415      8.18115
     0.0021842      8.82998
    0.00218425      9.51952
    0.00218429      10.2501
    0.00218436      11.4246
    0.00218443      12.6925
     0.0021845      13.9681
    0.00218457      15.5485
    0.00218465       17.229
    0.00218475      19.4561
    0.00218484      21.8541
    0.00218502       26.433
    0.00218521      31.2497
    0.00218532      34.1769
    0.00218543      36.6006
    0.00218553      38.5065
    0.00218561      39.9275
    0.00218568      40.9865
    0.00218574      41.7814
    0.00218582      42.5475
    0.00218591      43.0402
    0.00218597      43.2181
      0.002186      43.2321
    0.00218608      43.0892
    0.00218614      42.8213
    0.00218622       42.191
     0.0021863       41.288
    0.00218637      40.2887
    0.00218645        38.99
    0.00218653      37.2939
    0.00218664      35.0856
    0.00218675        32.23
    0.00218693      27.6326
    0.00218713      22.5897
    0.00218722      20.3697
    0.00218731      18.0936
    0.00218739      16.3678
    0.00218746       14.738
    0.00218752      13.5836
    0.00218759      12.2547
    0.00218766      11.0191
    0.00218771      10.2476
    0.00218775      9.51748
     0.0021878      8.82873
    0.00218785      8.18047
    0.00218789      7.57206
    0.00218795      6.91494
      0.002188      6.30805
    0.00218805      5.74912
    0.00218809      5.36006
    0.00218814      4.99574
    0.00218818      4.65505
    0.00218822      4.33708
    0.00218826      4.04049
     0.0021883      3.76446
    0.00218834      3.48518
    0.00218839      3.18646
    0.00218844      2.91511
     0.0021885      2.66912
    0.00218855      2.44642
     0.0021886      2.24515
    0.00218865      2.06332
     0.0021887      1.89935
    0.00218875      1.75154
     0.0021888       1.6184
    0.00218886      1.49848
    0.00218889      1.41711
    0.00218894      1.33439
    0.00218898      1.25846
    0.00218902      1.18876
    0.00218906      1.12474
    0.00218911       1.0659
    0.00218915      1.01179
    0.00218919     0.961977
    0.00218925     0.894482
    0.00218932     0.834623
    0.00218938     0.781397
    0.00218944      0.73389
    0.00218951     0.691359
    0.00218958     0.650116
    0.00218965      0.60787
    0.00218973     0.570465
    0.00218981     0.537142
    0.00218989     0.507269
    0.00218997     0.480336
    0.00219005     0.455905
    0.00219013      0.43364
    0.00219024     0.406821
    0.00219034     0.382784
    0.00219046      0.35904
    0.00219058     0.335851
    0.00219071     0.315051
    0.00219084     0.296283
    0.00219096     0.279262
    0.00219109     0.263757
    0.00219122     0.249579
    0.00219134     0.236571
    0.00219149     0.222695
    0.00219166     0.208339
    0.00219183     0.195376
      0.002192     0.183625
    0.00219217     0.172933
    0.00219234     0.163174
    0.00219251     0.154239
    0.00219268     0.146035
    0.00219287     0.137582
    0.00219308     0.129039
    0.00219329     0.121284
     0.0021935     0.114219
    0.00219371     0.107765
    0.00219392     0.101852
    0.00219413      0.09642
    0.00219434     0.091418
    0.00219458    0.0863589
    0.00219483     0.081311
    0.00219508    0.0766987
    0.00219534    0.0724726
    0.00219559      0.06859
    0.00219584     0.065014
     0.0021961    0.0617128
    0.00219648    0.0572162
    0.00219677    0.0540521
    0.00219707     0.051145
    0.00219737    0.0484677
    0.00219766    0.0459966
     0.0021981    0.0426319
    0.00219855    0.0396257
    0.00219884    0.0377959
    0.00219922    0.0356247
     0.0021996    0.0336365
    0.00219998     0.031811
    0.00220037     0.030131
    0.00220075    0.0285813
    0.00220132    0.0264727
    0.00220189    0.0245901
    0.00220239    0.0230812
     0.0022029    0.0217078
    0.00220341    0.0204544
    0.00220391    0.0193073
    0.00220442    0.0182546
    0.00220493    0.0172857
    0.00220543    0.0163917
    0.00220594    0.0155654
    0.00220658    0.0146181
    0.00220721    0.0137553
    0.00220784    0.0129669
    0.00220848    0.0122444
    0.00220911    0.0115806
    0.00220974    0.0109695
    0.00221038    0.0104056
    0.00221101   0.00988424
    0.00221177   0.00930879
    0.00221253   0.00878225
    0.00221329    0.0082993
    0.00221405   0.00785535
    0.00221481   0.00744625
    0.00221557   0.00706844
    0.00221672   0.00655368
    0.00221753   0.00622042
     0.0022184   0.00589277
    0.00221926   0.00559038
    0.00222056   0.00517876
    0.00222186   0.00481117
    0.00222316   0.00448157
    0.00222449   0.00417791
    0.00222588   0.00389197
    0.00222728   0.00363526
    0.00222867   0.00340295
    0.00223007   0.00319176
    0.00223146   0.00299975
    0.00223281   0.00283035
    0.00223415   0.00267497
    0.00223505   0.00257841
    0.00223685   0.00240043
    0.00223864   0.00224035
    0.00224018   0.00211591
    0.00224172    0.0020016
    0.00224377   0.00186299
    0.00224582   0.00173836
    0.00224769   0.00163532
    0.00224937    0.0015499
    0.00225106   0.00147104
     0.0022536    0.0013637
    0.00225553   0.00128985
    0.00225745   0.00122183
    0.00225938   0.00115909
    0.00226227   0.00107373
    0.00226516  0.000997525
    0.00226805  0.000929237
    0.00227103  0.000866163
    0.00227405  0.000808354
    0.00227707    0.0007562
     0.0022801  0.000708989
    0.00228312  0.000666113
    0.00228623  0.000625982
    0.00228951  0.000587463
     0.0022928  0.000552528
    0.00229558  0.000525241
    0.00229896   0.00049476
    0.00230234  0.000466889
    0.00230572  0.000441336
     0.0023091  0.000417851
    0.00231248  0.000396216
    0.00231651  0.000372562
    0.00232119  0.000347672
    0.00232578  0.000325703
    0.00233026  0.000306183
    0.00233475  0.000288395
    0.00233924  0.000272136
    0.00234444  0.000254979
     0.0023474   0.00024598
    0.00235331  0.000229356
    0.00235923  0.000214366
    0.00236514  0.000200827
    0.00237105  0.000188557
    0.00237697    0.0001774
    0.00238288  0.000167227
    0.00239091  0.000154794
    0.00239725  0.000145942
    0.00240359   0.00013787
    0.00240992  0.000130446
    0.00241415  0.000125851
     0.0024226   0.00011737
    0.00243105  0.000109732
     0.0024395  0.000102838
    0.00244795   9.65926e-5
     0.0024564   9.09171e-5
    0.00246485   8.57436e-5
     0.0024733   8.10143e-5
    0.00248175   7.66794e-5
     0.0024902   7.26958e-5
    0.00249865   6.90264e-5
     0.0025071   6.56388e-5
    0.00251555   6.25044e-5
      0.002524   5.95998e-5
    0.00253472   5.62089e-5
    0.00254544   5.31107e-5
    0.00255616   5.02731e-5
    0.00256688   4.76675e-5
    0.00257761    4.5269e-5
    0.00258833    4.3056e-5
    0.00259905   4.10097e-5
    0.00260977   3.91135e-5
    0.00262049   3.73529e-5
    0.00263657   3.49481e-5
    0.00265265   3.27644e-5
    0.00266873   3.08055e-5
    0.00268482   2.90149e-5
     0.0027009   2.73971e-5
    0.00271698   2.59096e-5
    0.00273306    2.4557e-5
    0.00274914   2.33274e-5
    0.00275986    2.2534e-5
    0.00278131   2.11044e-5
    0.00280275   1.98166e-5
    0.00282419   1.86523e-5
    0.00284563   1.75959e-5
    0.00286707   1.66341e-5
    0.00288852    1.5756e-5
    0.00290996   1.49518e-5
     0.0029314   1.42134e-5
    0.00295284   1.35337e-5
    0.00297428   1.29065e-5
    0.00299573   1.23264e-5
    0.00301717   1.17888e-5
    0.00304933   1.10566e-5
     0.0030815    1.0392e-5
    0.00311366   9.79818e-6
    0.00314582   9.25551e-6
    0.00317799   8.76692e-6
    0.00321015   8.31799e-6
    0.00325303   7.78117e-6
    0.00329592   7.30274e-6
     0.0033388    6.8747e-6
    0.00338169   6.49029e-6
    0.00342457   6.14388e-6
    0.00346745   5.83075e-6
    0.00351034   5.54693e-6
    0.00355322   5.28907e-6
    0.00359611   5.05428e-6
    0.00363899   4.84013e-6
    0.00368188   4.64451e-6
    0.00372476    4.4656e-6
    0.00376764   4.30184e-6
    0.00383197   4.08306e-6
     0.0038963   3.88878e-6
    0.00395127   3.74382e-6
    0.00401759   3.58852e-6
    0.00407427   3.47348e-6
    0.00413175   3.37119e-6
    0.00419953   3.26696e-6
    0.00425878   3.19102e-6
    0.00431886   3.12718e-6
    0.00437979   3.07549e-6
    0.00444159   3.03632e-6
    0.00450277   3.01075e-6
    0.00457858   2.99788e-6
    0.00459374    2.9974e-6
    0.00465855   3.00849e-6
    0.00468471   3.01529e-6
    0.00474535   3.04588e-6
      0.004806   3.09291e-6
    0.00486665   3.15808e-6
     0.0049273   3.24356e-6
    0.00498794    3.3521e-6
    0.00503343   3.45157e-6
    0.00507891   3.56636e-6
     0.0051244    3.7021e-6
    0.00516988   3.85762e-6
    0.00521537   4.04074e-6
    0.00524569   4.17803e-6
    0.00527602   4.32976e-6
    0.00530634    4.4976e-6
    0.00533666   4.68348e-6
    0.00535182   4.78159e-6
    0.00538215   4.99855e-6
    0.00541247   5.23985e-6
    0.00544279   5.50882e-6
    0.00547312    5.8094e-6
    0.00550344   6.14631e-6
    0.00553377   6.52519e-6
    0.00556409   6.95253e-6
    0.00558683   7.31122e-6
    0.00560957   7.70356e-6
    0.00563232    8.1401e-6
    0.00565506   8.61977e-6
     0.0056778   9.15704e-6
    0.00570054   9.75107e-6
    0.00571571   1.01874e-5
    0.00573087   1.06586e-5
    0.00574603   1.11684e-5
    0.00576119    1.1721e-5
    0.00577635   1.23214e-5
    0.00579151    1.2975e-5
    0.00580668   1.36883e-5
    0.00582184   1.44689e-5
      0.005837   1.53248e-5
    0.00584895   1.60594e-5
     0.0058609   1.68532e-5
    0.00587285   1.77126e-5
     0.0058848   1.86447e-5
    0.00589675   1.96581e-5
     0.0059087   2.07626e-5
    0.00592065   2.19691e-5
     0.0059326   2.32908e-5
    0.00594455   2.47428e-5
     0.0059565   2.63426e-5
    0.00596845   2.81111e-5
     0.0059804   3.00729e-5
    0.00599534    3.2837e-5
     0.0060043   3.46909e-5
    0.00601326   3.67172e-5
    0.00602223   3.89278e-5
     0.0060282   4.05221e-5
    0.00603657   4.29284e-5
    0.00604493   4.55599e-5
    0.00605329   4.84483e-5
    0.00606166    5.1628e-5
    0.00607002   5.51395e-5
    0.00607839   5.90308e-5
     0.0060878   6.39185e-5
     0.0060941   6.75505e-5
    0.00610042   7.15271e-5
    0.00610675   7.58798e-5
     0.0061131    8.0659e-5
    0.00611944   8.59115e-5
    0.00612579   9.17027e-5
    0.00613255   9.85543e-5
    0.00613792   0.00010457
     0.0061433  0.000111162
    0.00614868  0.000118408
    0.00615406  0.000126395
    0.00615931  0.000135016
    0.00616432  0.000144088
    0.00616933   0.00015408
    0.00617385  0.000164052
    0.00617813  0.000174411
     0.0061824   0.00018579
    0.00618668  0.000198329
    0.00619095  0.000212192
     0.0061953  0.000227838
    0.00619979   0.00024584
    0.00620278  0.000259098
    0.00620578  0.000273468
    0.00620986  0.000295107
    0.00621259  0.000310999
    0.00621531  0.000328214
    0.00621821   0.00034814
    0.00622128  0.000371295
    0.00622435   0.00039687
    0.00622742  0.000425194
    0.00623041  0.000455735
    0.00623331  0.000488659
     0.0062362  0.000525289
    0.00623838  0.000555511
    0.00624055  0.000588421
    0.00624284  0.000626327
    0.00624512  0.000668032
    0.00624741  0.000714053
    0.00624969  0.000765007
    0.00625198  0.000821628
    0.00625419  0.000882613
    0.00625636  0.000949304
    0.00625854   0.00102374
    0.00625999   0.00107847
    0.00626143   0.00113777
    0.00626288    0.0012021
    0.00626433   0.00127204
    0.00626606   0.00136362
    0.00626778   0.00146548
    0.00626951    0.0015792
    0.00627066   0.00166252
    0.00627181   0.00175263
    0.00627296   0.00185029
    0.00627403    0.0019492
    0.00627554   0.00210115
    0.00627654   0.00221257
    0.00627754   0.00233312
    0.00627854   0.00246383
    0.00627954   0.00260584
    0.00628054    0.0027605
    0.00628154   0.00292935
    0.00628279    0.0031639
    0.00628363   0.00333626
    0.00628447   0.00352309
     0.0062853   0.00372607
    0.00628614    0.0039472
    0.00628698   0.00418871
    0.00628781   0.00445317
    0.00628856   0.00471105
    0.00628955   0.00508724
     0.0062902   0.00536373
    0.00629086   0.00566354
    0.00629152   0.00598944
    0.00629218    0.0063445
    0.00629283   0.00673232
    0.00629349   0.00715705
    0.00629403   0.00753537
    0.00629457   0.00794469
     0.0062951   0.00838851
    0.00629564   0.00887085
    0.00629618   0.00939635
    0.00629672   0.00997033
    0.00629725     0.010599
    0.00629779    0.0112896
    0.00629842     0.012185
    0.00629884    0.0128431
    0.00629926    0.0135564
    0.00629967    0.0143315
    0.00630009    0.0151757
    0.00630051    0.0160977
    0.00630093    0.0171074
     0.0063013    0.0180926
     0.0063018    0.0195311
    0.00630212    0.0205893
    0.00630245    0.0217376
    0.00630278    0.0229869
    0.00630311    0.0243495
    0.00630344    0.0258401
    0.00630377    0.0274756
    0.00630404    0.0289354
     0.0063043    0.0305183
    0.00630457    0.0322389
    0.00630484    0.0341142
    0.00630511    0.0361643
    0.00630538    0.0384125
    0.00630565    0.0408864
    0.00630592    0.0436192
    0.00630613    0.0459492
    0.00630634    0.0484822
    0.00630655    0.0512451
    0.00630675    0.0542695
    0.00630696    0.0575944
    0.00630717     0.061267
    0.00630738    0.0653474
    0.00630759    0.0699117
    0.00630777    0.0742842
    0.00630795     0.079166
    0.00630808    0.0832236
    0.00630822    0.0876807
    0.00630835     0.092605
    0.00630849     0.098079
    0.00630862     0.104204
    0.00630876     0.111105
    0.00630889     0.118934
    0.00630898      0.12476
     0.0063091     0.133411
    0.00630921     0.142589
    0.00630932     0.152976
     0.0063094     0.160675
    0.00630947     0.169072
    0.00630955     0.178244
    0.00630962     0.188276
     0.0063097     0.199262
    0.00630977     0.211304
    0.00630985     0.224514
    0.00630992     0.239013
       0.00631     0.254939
    0.00631007     0.272434
    0.00631015     0.291658
    0.00631022     0.312778
    0.00631028     0.331169
    0.00631034     0.350989
     0.0063104     0.372349
    0.00631046     0.395356
    0.00631052     0.420134
    0.00631058     0.446798
    0.00631064     0.475481
     0.0063107     0.506312
    0.00631076     0.539441
    0.00631082     0.575001
    0.00631088     0.613147
    0.00631094     0.654024
      0.006311     0.697804
    0.00631106     0.744633
    0.00631112     0.794686
     0.0063112     0.869071
    0.00631127     0.934997
    0.00631133      1.00575
     0.0063114      1.08156
    0.00631147      1.16266
    0.00631153      1.24927
     0.0063116      1.34167
    0.00631167      1.44002
    0.00631176      1.58079
    0.00631185      1.73297
    0.00631193      1.88567
    0.00631201       2.0369
    0.00631209       2.1974
    0.00631216      2.36727
    0.00631228      2.63977
     0.0063124      2.93342
    0.00631251      3.24774
    0.00631263      3.59082
    0.00631275      3.95342
    0.00631293      4.52982
    0.00631314      5.22037
    0.00631363      6.94482
    0.00631384      7.67541
    0.00631403      8.24429
    0.00631418      8.66209
    0.00631431      8.97819
    0.00631443      9.23106
    0.00631457      9.47836
    0.00631469      9.63907
    0.00631481      9.74063
    0.00631493       9.7977
      0.006315      9.80615
    0.00631515      9.76508
    0.00631527      9.67725
    0.00631538       9.5452
    0.00631551      9.35305
    0.00631565      9.07218
    0.00631577      8.78215
    0.00631592      8.40032
    0.00631609       7.8723
    0.00631629      7.21904
     0.0063166      6.14453
    0.00631693      4.99167
    0.00631709      4.44941
    0.00631724      3.98938
    0.00631738       3.5545
    0.00631749      3.24686
    0.00631759      2.95611
     0.0063177      2.68299
    0.00631782      2.41078
     0.0063179      2.21939
    0.00631799      2.03967
    0.00631808      1.87148
    0.00631816      1.71457
    0.00631825      1.56864
    0.00631834      1.43335
    0.00631842      1.30829
    0.00631849      1.21511
    0.00631857      1.11716
    0.00631865      1.02654
    0.00631873       0.9429
    0.00631881     0.865847
    0.00631888     0.795015
    0.00631896     0.729991
    0.00631904     0.670434
    0.00631912     0.615961
     0.0063192     0.566222
    0.00631928     0.520862
    0.00631934     0.489039
     0.0063194     0.455872
    0.00631947     0.425312
    0.00631954     0.397173
     0.0063196     0.371279
    0.00631967     0.347462
    0.00631974     0.325568
    0.00631981     0.305446
    0.00631987     0.286957
    0.00631994     0.269968
    0.00632001     0.254361
    0.00632008     0.240019
    0.00632014     0.226837
    0.00632021     0.214717
    0.00632028     0.203567
    0.00632034     0.193303
    0.00632042     0.182844
     0.0063205     0.172377
    0.00632058     0.162883
    0.00632067     0.154258
    0.00632075     0.146406
    0.00632083     0.139245
    0.00632091     0.132698
    0.00632103     0.123887
    0.00632116     0.116115
    0.00632128     0.109221
     0.0063214     0.103068
    0.00632153    0.0975468
    0.00632165     0.092562
     0.0063218     0.087259
    0.00632195     0.082149
    0.00632211    0.0775624
    0.00632227    0.0734165
    0.00632242    0.0696469
    0.00632263    0.0651163
    0.00632284    0.0610641
    0.00632305    0.0574153
    0.00632326    0.0541111
    0.00632348    0.0508998
    0.00632372    0.0477986
    0.00632396    0.0449874
     0.0063242    0.0424286
    0.00632444    0.0400913
    0.00632468    0.0379494
    0.00632492    0.0359806
    0.00632516    0.0341663
    0.00632543    0.0322894
    0.00632573    0.0303848
    0.00632602    0.0286483
    0.00632632    0.0270602
    0.00632662    0.0256036
    0.00632692    0.0242641
    0.00632722    0.0230293
    0.00632767    0.0213498
    0.00632806    0.0200411
    0.00632844     0.018851
    0.00632883    0.0177654
    0.00632922    0.0167722
    0.00632961    0.0158609
       0.00633    0.0150228
    0.00633039      0.01425
    0.00633077    0.0135359
    0.00633125    0.0127291
    0.00633173    0.0119929
    0.00633221    0.0113193
    0.00633269    0.0107014
    0.00633316    0.0101331
    0.00633364   0.00960935
    0.00633412   0.00912543
     0.0063346   0.00867744
     0.0063352   0.00816267
    0.00633579   0.00769268
    0.00633639   0.00726239
    0.00633699   0.00686745
    0.00633759   0.00650405
    0.00633818   0.00616895
    0.00633908   0.00571317
    0.00633977   0.00539736
    0.00634054   0.00507111
    0.00634132    0.0047737
     0.0063421   0.00450175
    0.00634287   0.00425243
    0.00634365   0.00402333
    0.00634443   0.00381236
     0.0063452   0.00361766
    0.00634606   0.00341929
      0.006347   0.00322013
    0.00634794    0.0030379
    0.00634889   0.00287073
    0.00634983   0.00271703
    0.00635077   0.00257538
    0.00635171   0.00244456
    0.00635312   0.00226629
    0.00635421   0.00214166
     0.0063553   0.00202708
    0.00635639   0.00192151
    0.00635748   0.00182401
    0.00635912   0.00169117
    0.00636075   0.00157238
    0.00636248   0.00146019
    0.00636375   0.00138514
    0.00636565   0.00128301
    0.00636756   0.00119183
    0.00636946   0.00111007
    0.00637137   0.00103652
    0.00637342  0.000965289
    0.00637555  0.000898917
    0.00637768  0.000839065
    0.00637981  0.000785023
    0.00638193  0.000736068
    0.00638416  0.000689647
    0.00638658  0.000644016
      0.006389  0.000602799
    0.00639142  0.000565468
    0.00639384  0.000531528
    0.00639626  0.000500548
    0.00639925  0.000465922
    0.00640224  0.000434796
    0.00640522  0.000406714
    0.00640821  0.000381293
    0.00641153  0.000355772
    0.00641485  0.000332743
    0.00641818  0.000311897
     0.0064215  0.000292972
    0.00642517  0.000274002
    0.00642885  0.000256842
    0.00643252  0.000241295
     0.0064362  0.000227137
    0.00644047  0.000212179
    0.00644475  0.000198676
    0.00644902  0.000186447
     0.0064533  0.000175335
    0.00645757  0.000165209
    0.00646234  0.000154952
    0.00646735    0.0001452
    0.00647236   0.00013635
    0.00647774   0.00012775
    0.00648311  0.000119966
    0.00648849  0.000112896
    0.00649387  0.000106456
    0.00649925  0.000100572
    0.00650421    9.5575e-5
    0.00651056   8.97468e-5
     0.0065169   8.44635e-5
    0.00652325   7.96594e-5
    0.00653063   7.46019e-5
    0.00653483   7.19566e-5
    0.00654325   6.70946e-5
    0.00655161   6.27619e-5
    0.00655997   5.88729e-5
    0.00656834   5.53707e-5
    0.00657671   5.22069e-5
    0.00658507   4.93408e-5
    0.00659344   4.67376e-5
    0.00660419   4.37278e-5
    0.00661375   4.13329e-5
    0.00662421    3.8982e-5
    0.00663765   3.63139e-5
     0.0066496   3.42242e-5
    0.00666155    3.2369e-5
     0.0066735   3.07194e-5
    0.00668545   2.92513e-5
     0.0066974   2.79445e-5
    0.00670935   2.67822e-5
     0.0067213     2.575e-5
    0.00673325   2.48361e-5
     0.0067452   2.40303e-5
    0.00675715   2.33245e-5
     0.0067691   2.27116e-5
    0.00678105   2.21861e-5
      0.006793   2.17439e-5
    0.00680616   2.13489e-5
    0.00681932   2.10474e-5
    0.00683248   2.08379e-5
    0.00684565   2.07203e-5
    0.00685881   2.06959e-5
    0.00687197   2.07675e-5
    0.00688513   2.09397e-5
    0.00689829   2.12188e-5
    0.00691145   2.16136e-5
    0.00692461   2.21352e-5
    0.00693778   2.27981e-5
    0.00695423   2.38503e-5
     0.0069641     2.462e-5
    0.00697397   2.55118e-5
    0.00698384    2.6534e-5
    0.00699371   2.77122e-5
    0.00700358    2.9062e-5
    0.00701338   3.06032e-5
    0.00702319   3.23668e-5
    0.00703054   3.38621e-5
    0.00703789   3.55295e-5
    0.00704524   3.73918e-5
    0.00705259   3.94717e-5
    0.00705994   4.18064e-5
     0.0070673   4.44291e-5
    0.00707465   4.73923e-5
    0.00708016   4.98676e-5
    0.00708534    5.2414e-5
    0.00709034   5.51142e-5
    0.00709535   5.80738e-5
    0.00710036   6.13257e-5
    0.00710536   6.49082e-5
    0.00711037   6.88658e-5
    0.00711537   7.32508e-5
    0.00712038    7.8125e-5
    0.00712539   8.35627e-5
    0.00713039   8.96533e-5
     0.0071354   9.65048e-5
    0.00714041  0.000104213
    0.00714374  0.000109926
    0.00714708  0.000116173
    0.00715047  0.000123127
    0.00715392  0.000130912
    0.00715737  0.000139494
    0.00716082  0.000148985
     0.0071641  0.000158992
    0.00716722  0.000169496
    0.00717033  0.000181121
    0.00717345  0.000194017
    0.00717658  0.000208398
    0.00717893  0.000220393
    0.00718129    0.0002335
    0.00718364  0.000247846
      0.007186  0.000263591
    0.00718833  0.000280675
    0.00719058  0.000298973
    0.00719284  0.000319159
     0.0071951  0.000341494
    0.00719736    0.0003663
    0.00719962  0.000393957
    0.00720117  0.000414838
    0.00720273  0.000437441
    0.00720428  0.000461952
    0.00720583  0.000488601
    0.00720738  0.000517668
    0.00720893  0.000549457
    0.00721049  0.000584306
    0.00721204  0.000622613
    0.00721379  0.000670462
    0.00721553  0.000724061
     0.0072167  0.000763457
    0.00721786  0.000806199
    0.00721903  0.000852688
    0.00722019  0.000903366
    0.00722136  0.000958738
    0.00722276   0.00103263
     0.0072237   0.00108676
    0.00722463   0.00114529
    0.00722557   0.00120871
    0.00722651   0.00127759
    0.00722745   0.00135258
    0.00722838   0.00143442
    0.00722925   0.00151746
    0.00723006   0.00160094
    0.00723087   0.00169152
    0.00723167   0.00179006
    0.00723248   0.00189753
    0.00723329   0.00201506
    0.00723409   0.00214395
     0.0072349   0.00228569
    0.00723559   0.00241954
    0.00723647   0.00260569
    0.00723735   0.00281427
    0.00723793   0.00296761
    0.00723851   0.00313392
     0.0072391   0.00331474
    0.00723968   0.00351185
     0.0072402   0.00370273
    0.00724089   0.00397878
    0.00724157   0.00428728
    0.00724203   0.00451356
    0.00724248   0.00475845
    0.00724294   0.00502408
     0.0072434   0.00531288
    0.00724382   0.00560767
    0.00724422   0.00590642
    0.00724463   0.00623007
    0.00724503   0.00658148
    0.00724543     0.006964
    0.00724583   0.00738145
    0.00724623    0.0078383
    0.00724663   0.00833976
      0.007247   0.00884383
    0.00724733   0.00934372
    0.00724766   0.00988823
      0.007248     0.010483
    0.00724833    0.0111346
    0.00724866    0.0118508
      0.007249    0.0126408
    0.00724933    0.0135154
    0.00724962     0.014352
    0.00724987    0.0151248
    0.00725011    0.0159648
    0.00725035    0.0168807
     0.0072506    0.0178827
    0.00725084    0.0189833
    0.00725109    0.0201978
    0.00725133    0.0215456
    0.00725156    0.0229079
    0.00725176    0.0242673
    0.00725196    0.0257787
    0.00725216    0.0274757
    0.00725231    0.0288977
    0.00725246    0.0304762
    0.00725261     0.032245
    0.00725276    0.0342481
    0.00725286    0.0357413
    0.00725296    0.0373851
    0.00725306    0.0392042
    0.00725315     0.040993
    0.00725324    0.0429687
    0.00725333    0.0451605
    0.00725341    0.0476016
     0.0072535    0.0503315
    0.00725359    0.0533947
    0.00725368    0.0568438
    0.00725375    0.0597196
    0.00725381    0.0628746
    0.00725388    0.0663408
    0.00725395    0.0701524
    0.00725401    0.0743499
    0.00725408     0.078974
    0.00725415    0.0840733
    0.00725421    0.0896986
    0.00725428    0.0959078
    0.00725435     0.102762
    0.00725442     0.110329
    0.00725448     0.118681
    0.00725455     0.127903
    0.00725462     0.138079
    0.00725468     0.149305
    0.00725475      0.16168
    0.00725482     0.175318
    0.00725488     0.190333
    0.00725495     0.206856
    0.00725502     0.225017
    0.00725508     0.244968
    0.00725515     0.266857
    0.00725522     0.290851
    0.00725528     0.317116
    0.00725535     0.345845
    0.00725542     0.377219
    0.00725548     0.411446
    0.00725555     0.448727
    0.00725561     0.482299
    0.00725566     0.518272
    0.00725572      0.55679
    0.00725577     0.597981
    0.00725583     0.642001
    0.00725588     0.688978
    0.00725594     0.739068
      0.007256     0.792406
    0.00725605     0.849167
    0.00725611     0.909475
    0.00725616     0.973494
    0.00725625       1.0768
    0.00725633      1.18926
    0.00725641       1.3114
    0.00725648      1.42543
    0.00725655      1.53771
    0.00725664      1.69823
    0.00725673      1.87156
     0.0072568      2.01019
    0.00725689      2.20687
    0.00725697      2.41727
    0.00725706       2.6416
    0.00725715      2.87988
    0.00725725      3.16469
    0.00725735      3.46686
    0.00725749        3.896
    0.00725762      4.35345
    0.00725774      4.79553
    0.00725791      5.42857
    0.00725813      6.31335
    0.00725856      8.05689
    0.00725878      8.90187
    0.00725895      9.51851
     0.0072591      10.0287
     0.0072592      10.3217
    0.00725936      10.7427
    0.00725948      11.0142
    0.00725962      11.2548
    0.00725977      11.4247
    0.00725991      11.5172
       0.00726      11.5342
    0.00726014      11.4974
    0.00726026      11.3958
    0.00726042      11.1889
    0.00726058      10.8833
    0.00726072      10.5397
    0.00726085      10.1761
      0.007261      9.70946
    0.00726117      9.11032
    0.00726137      8.34149
    0.00726174       6.8549
    0.00726204      5.64407
     0.0072622      5.00121
    0.00726235      4.47046
    0.00726248       4.0065
    0.00726261      3.57033
    0.00726271      3.26264
    0.00726281      2.97218
    0.00726289      2.75843
    0.00726298      2.52723
    0.00726307      2.30999
    0.00726316      2.10659
    0.00726325      1.91679
    0.00726334      1.74027
    0.00726343      1.57667
    0.00726349      1.46217
    0.00726356      1.35448
    0.00726364      1.24114
    0.00726371       1.1358
    0.00726379       1.0381
    0.00726386     0.947688
    0.00726394      0.86418
    0.00726401     0.787222
    0.00726409     0.716435
    0.00726416     0.651473
    0.00726424     0.591946
    0.00726431      0.53753
    0.00726438      0.49227
    0.00726443      0.45888
    0.00726449     0.427685
    0.00726454     0.398576
     0.0072646     0.371431
    0.00726465     0.346149
     0.0072647     0.322604
    0.00726476     0.300711
    0.00726481     0.280362
    0.00726487     0.261467
    0.00726492      0.24393
    0.00726498     0.227667
    0.00726503     0.212593
    0.00726508     0.198636
    0.00726514     0.185712
    0.00726519     0.173759
    0.00726525     0.162705
     0.0072653     0.152488
    0.00726536     0.143048
    0.00726541      0.13433
    0.00726546      0.12628
    0.00726552     0.118852
    0.00726558     0.111487
    0.00726563     0.104734
    0.00726569    0.0985406
    0.00726575    0.0928612
    0.00726581    0.0876511
    0.00726587    0.0828714
    0.00726593    0.0784843
    0.00726599    0.0744573
    0.00726606    0.0695916
    0.00726614    0.0652418
    0.00726622    0.0613464
     0.0072663    0.0578534
    0.00726637    0.0547144
    0.00726645     0.051888
    0.00726653    0.0493362
    0.00726661    0.0470268
    0.00726669    0.0449307
    0.00726676    0.0430226
    0.00726686    0.0408095
    0.00726696    0.0388298
    0.00726706    0.0370488
    0.00726716     0.035438
    0.00726731    0.0332883
    0.00726746    0.0314017
    0.00726762    0.0297272
    0.00726777     0.028226
    0.00726792     0.026868
    0.00726807    0.0256302
    0.00726827    0.0241359
     0.0072685     0.022579
     0.0072687    0.0213773
     0.0072689    0.0202794
    0.00726917    0.0189534
    0.00726943    0.0177623
     0.0072697    0.0166863
    0.00726997      0.01571
    0.00727023    0.0148205
     0.0072705    0.0140074
    0.00727084     0.013085
    0.00727117    0.0122536
     0.0072715    0.0115011
    0.00727184    0.0108178
    0.00727217    0.0101949
     0.0072725   0.00962557
    0.00727284   0.00910357
    0.00727317   0.00862373
    0.00727357   0.00809725
    0.00727397   0.00761835
    0.00727437   0.00718137
    0.00727477   0.00678152
    0.00727517   0.00641462
    0.00727558   0.00607713
    0.00727598   0.00576594
    0.00727638   0.00547836
    0.00727683   0.00517659
    0.00727729   0.00489938
    0.00727774    0.0046441
     0.0072782   0.00440847
    0.00727888   0.00408761
    0.00727957    0.0038009
    0.00728002   0.00362638
    0.00728061   0.00342008
    0.00728119   0.00323108
    0.00728178   0.00305746
    0.00728236   0.00289757
    0.00728295   0.00274997
    0.00728382   0.00254893
     0.0072847   0.00236923
     0.0072855   0.00222015
    0.00728631    0.0020848
    0.00728712   0.00196153
    0.00728792   0.00184897
    0.00728873   0.00174588
    0.00728954   0.00165124
    0.00729034   0.00156412
    0.00729115   0.00148375
    0.00729209   0.00139798
    0.00729302   0.00131948
    0.00729396   0.00124746
     0.0072949   0.00118121
    0.00729583   0.00112015
    0.00729724    0.0010371
    0.00729864  0.000963008
    0.00729981  0.000907472
    0.00730097  0.000856638
    0.00730214  0.000810002
     0.0073033  0.000767119
    0.00730447  0.000727587
    0.00730621  0.000673798
    0.00730796  0.000625771
    0.00730951  0.000587313
    0.00731107  0.000552322
    0.00731262  0.000520398
    0.00731417  0.000491201
    0.00731572  0.000464429
    0.00731727  0.000439799
    0.00731883  0.000417082
    0.00732113   0.00038648
    0.00732339  0.000359671
    0.00732565  0.000335587
    0.00732791  0.000313867
    0.00733017  0.000294208
    0.00733243  0.000276367
    0.00733478  0.000259464
    0.00733714  0.000244087
     0.0073395  0.000230057
    0.00734185  0.000217224
    0.00734421  0.000205476
    0.00734655  0.000194759
    0.00734967  0.000181734
    0.00735278  0.000169984
     0.0073559   0.00015936
    0.00735918  0.000149231
    0.00736263  0.000139615
    0.00736608  0.000130913
    0.00736953   0.00012301
    0.00737292  0.000115945
    0.00737626  0.000109589
    0.00737959  0.000103772
     0.0073846   9.59097e-5
    0.00738961   8.89085e-5
    0.00739461   8.26717e-5
    0.00739962   7.70909e-5
    0.00740462   7.20764e-5
    0.00740963   6.75536e-5
    0.00741464     6.346e-5
    0.00741964   5.97431e-5
    0.00742465   5.63581e-5
    0.00742966   5.32666e-5
    0.00743466   5.04352e-5
    0.00743988   4.77355e-5
    0.00744551   4.50664e-5
    0.00745114   4.26265e-5
    0.00745676   4.03905e-5
    0.00746427   3.76892e-5
    0.00747178   3.52669e-5
    0.00747928   3.30855e-5
    0.00748679   3.11143e-5
    0.00749429   2.93264e-5
     0.0075018   2.76998e-5
    0.00750931   2.62153e-5
    0.00751681   2.48576e-5
    0.00752807   2.30297e-5
    0.00753808   2.15796e-5
    0.00754809   2.02745e-5
    0.00755809   1.90955e-5
     0.0075681   1.80264e-5
    0.00757811   1.70538e-5
    0.00758812   1.61661e-5
    0.00759812   1.53536e-5
    0.00760813   1.46077e-5
    0.00761814   1.39213e-5
    0.00762815    1.3288e-5
    0.00764316   1.24281e-5
    0.00765817   1.16552e-5
    0.00767318   1.09651e-5
     0.0076882   1.03395e-5
    0.00770321   9.77608e-6
    0.00771822   9.26166e-6
    0.00773573   8.72048e-6
    0.00775825   8.10152e-6
    0.00777827   7.61298e-6
    0.00779828   7.17425e-6
     0.0078183    6.7785e-6
    0.00783831   6.42004e-6
    0.00785833   6.09411e-6
    0.00787834   5.79669e-6
    0.00789836   5.52439e-6
    0.00791837   5.27431e-6
    0.00793839   5.04396e-6
    0.00795841   4.83119e-6
    0.00798843   4.54225e-6
    0.00801845    4.2811e-6
    0.00804848   4.04797e-6
     0.0080785   3.83541e-6
    0.00810852   3.64384e-6
    0.00813855   3.47096e-6
    0.00815856   3.35963e-6
    0.00819859   3.16042e-6
    0.00823862   2.98193e-6
    0.00827866   2.82118e-6
    0.00831869   2.67573e-6
    0.00835872   2.54356e-6
    0.00839875   2.42298e-6
    0.00843878   2.31257e-6
    0.00847881   2.21113e-6
    0.00851884   2.11763e-6
    0.00855887   2.03121e-6
    0.00861892    1.9138e-6
    0.00867897   1.80735e-6
    0.00873902   1.71227e-6
    0.00879906   1.62531e-6
    0.00885911   1.54687e-6
    0.00891916   1.47586e-6
    0.00895919   1.43002e-6
    0.00903925   1.34792e-6
    0.00911931   1.27414e-6
    0.00919938   1.20751e-6
    0.00927944   1.14706e-6
     0.0093595   1.09198e-6
    0.00943956   1.04159e-6
    0.00951963   9.95331e-7
    0.00959969   9.52725e-7
    0.00967975   9.13361e-7
    0.00979984   8.59924e-7
    0.00991994   8.11451e-7
    0.00995997   7.96704e-7
          0.01   7.82263e-7
          0.01    0.0451276
     0.0101411    0.0447059
     0.0102842    0.0442783
     0.0104292    0.0438447
     0.0105764    0.0434049
      0.010625    0.0432596
     0.0107749    0.0428545
     0.0109269    0.0424438
     0.0110811    0.0420272
     0.0112374    0.0416048
       0.01125    0.0415708
     0.0114087    0.0411814
     0.0115697    0.0407866
     0.0117329    0.0403861
      0.011875    0.0400375
     0.0120425     0.039663
     0.0122124    0.0392831
     0.0123847    0.0388979
        0.0125    0.0386402
     0.0126764    0.0382797
     0.0128552     0.037914
     0.0130366    0.0375432
      0.013125    0.0373624
     0.0133102     0.037015
      0.013498    0.0366628
     0.0136884    0.0363056
       0.01375      0.03619
      0.013944    0.0358553
     0.0141407    0.0355157
     0.0143402    0.0351714
      0.014375    0.0351114
     0.0145778    0.0347885
     0.0147835    0.0344611
      0.014992     0.034129
         0.015    0.0341163
     0.0152116    0.0338221
     0.0154262    0.0335237
     0.0156439    0.0332211
     0.0158646    0.0329142
     0.0160884    0.0326029
       0.01625    0.0323782
     0.0164793     0.032103
     0.0167118    0.0318238
     0.0169475    0.0315407
     0.0171866    0.0312536
     0.0174291    0.0309625
        0.0175    0.0308774
     0.0177469    0.0306194
     0.0179973    0.0303577
     0.0182512    0.0300924
     0.0185087    0.0298233
       0.01875    0.0295712
     0.0190145    0.0293289
     0.0192828    0.0290832
     0.0195548     0.028834
     0.0198307    0.0285814
          0.02    0.0284263
     0.0202822    0.0281984
     0.0205683    0.0279672
     0.0208585    0.0277328
     0.0211528    0.0274951
       0.02125    0.0274165
     0.0215498    0.0272016
     0.0218538    0.0269837
     0.0221621    0.0267627
     0.0224748    0.0265386
        0.0225    0.0265205
     0.0228174    0.0263175
     0.0231393    0.0261116
     0.0234658    0.0259028
       0.02375    0.0257211
     0.0240851    0.0255289
     0.0244249     0.025334
     0.0247695    0.0251363
         0.025     0.025004
     0.0253527    0.0248247
     0.0257104    0.0246429
     0.0260731    0.0244585
       0.02625    0.0243686
     0.0266203     0.024198
     0.0269959     0.024025
     0.0273768    0.0238496
        0.0275    0.0237929
      0.027888    0.0236372
     0.0282814    0.0234794
     0.0286804    0.0233194
     0.0290851     0.023157
     0.0294954    0.0229924
     0.0299115    0.0228255
          0.03      0.02279
     0.0304232    0.0226438
     0.0308525    0.0224954
     0.0312877     0.022345
     0.0317292    0.0221925
     0.0321768    0.0220378
        0.0325    0.0219261
     0.0329585    0.0217904
     0.0334235    0.0216528
      0.033895    0.0215133
     0.0343732    0.0213717
     0.0348582    0.0212282
         0.035    0.0211862
     0.0354938    0.0210591
     0.0359945    0.0209302
     0.0365024    0.0207995
     0.0370173    0.0206669
        0.0375    0.0205426
     0.0380291    0.0204224
     0.0385656    0.0203005
     0.0391097    0.0201769
     0.0396614    0.0200516
          0.04    0.0199747
     0.0405643    0.0198655
     0.0411366    0.0197549
      0.041717    0.0196426
     0.0423055    0.0195288
        0.0425    0.0194912
     0.0430996    0.0193863
     0.0437077    0.0192798
     0.0443243    0.0191718
     0.0449496    0.0190624
         0.045    0.0190535
     0.0456349    0.0189557
     0.0462787    0.0188565
     0.0469316    0.0187559
     0.0475937    0.0186538
     0.0482652    0.0185503
     0.0489461    0.0184454
     0.0496367     0.018339
          0.05     0.018283
     0.0507054    0.0181898
     0.0514208    0.0180952
     0.0521462    0.0179994
     0.0528819    0.0179022
      0.053628    0.0178036
     0.0543846    0.0177036
         0.055    0.0176223
     0.0557759    0.0175309
     0.0565628    0.0174383
     0.0573608    0.0173443
     0.0581701     0.017249
     0.0589908    0.0171524
      0.059823    0.0170543
          0.06    0.0170335
     0.0608465    0.0169764
     0.0617049    0.0169184
     0.0625755    0.0168596
     0.0634583       0.0168
     0.0643536    0.0167396
     0.0652615    0.0166783
     0.0661822    0.0166161
     0.0671159    0.0165531
     0.0680628    0.0164892
     0.0690231    0.0164243
     0.0699968    0.0163586
          0.07    0.0163584
     0.0709876    0.0162832
     0.0719891    0.0162069
     0.0730047    0.0161296
     0.0740347    0.0160512
     0.0750792    0.0159717
     0.0761384    0.0158911
     0.0772126    0.0158093
     0.0783019    0.0157264
     0.0794066    0.0156423
          0.08    0.0155971
     0.0811287     0.015525
     0.0822732    0.0154519
      0.083434    0.0153777
     0.0846111    0.0153025
     0.0858048    0.0152263
     0.0870153    0.0151489
      0.088243    0.0150705
     0.0894879     0.014991
          0.09    0.0149583
           0.1    0.0143707
           0.1    0.0145786
          0.12    0.0138834
          0.15    0.0153512
           0.2    0.0136851
           0.3    0.0122801
           0.4     0.012124
           0.5      0.01248
      0.604232    0.0132576
      0.704906    0.0143306
      0.811287    0.0157245
       0.85338    0.0163263
           0.9    0.0125755
             1    0.0107771
           1.1   0.00981176
          1.25   0.00953663
           1.5   0.00998621
         1.626    0.0103979
        1.7442   0.00941907
        1.9341   0.00730674
        1.9803   0.00695836
       2.16789   0.00655121
        2.2891   0.00633099
        2.3195   0.00624519
        2.4266   0.00586543
       2.58481   0.00563539
       2.69276   0.00546238
       2.81351   0.00530878
         2.889   0.00522981
       3.12892   0.00514876
        3.2258    0.0051318
        3.2802    0.0051418
        3.3858   0.00511989
           3.5   0.00499988
             4   0.00378771
           4.5   0.00280591
             5   0.00201941
           5.5   0.00142601
             6    0.0010817
           6.5  0.000844513
             7  0.000692482
        7.3558  0.000625231
           7.5  0.000606031
             8  0.000561932
           8.5  0.000563211
       8.66187  0.000569757
       8.81172  0.000577747
             9   0.00058933
       9.42411  0.000621709
            10   0.00066907
       10.1411  0.000679727
       10.2842  0.000690535
       10.4292  0.000701495
          10.5   0.00070684
       10.6481  0.000716741
         10.75   0.00072355
       10.9017  0.000732619
            11    0.0007385
       11.1552   0.00074584
       11.3126  0.000753285
       11.4722  0.000760834
          11.5   0.00076215
       11.6622  0.000766774
       11.8268  0.000771463
       11.9936  0.000776218
            12    0.0007764
       12.1693  0.000778239
        12.341  0.000780103
          12.5   0.00078183
       12.6764  0.000781692
       12.8552  0.000781553
            13   0.00078144
       13.1834  0.000780281
       13.3694  0.000779105
          13.5   0.00077828
       13.6905  0.000776307
       13.8836  0.000774306
            14    0.0007731
       14.1975  0.000769383
       14.3978  0.000765614
          14.6   0.00076181
        14.806  0.000755259
       15.0149  0.000748616
        15.088   0.00074629
       15.3009  0.000737217
          15.5   0.00072873
       15.7187  0.000717855
       15.9404  0.000706827
       16.1653  0.000695643
       16.3934  0.000684301
          16.5     0.000679
       16.7328  0.000668753
       16.9689  0.000658361
            17   0.00065699
       17.2398  0.000648845
       17.4831  0.000640585
          17.5   0.00064001
       17.7469  0.000634317
       17.9973  0.000628543
            18   0.00062848
       18.2539  0.000624854
          18.5   0.00062134
        18.761  0.000618623
       19.0257  0.000615868
       19.2941  0.000613073
          19.5   0.00061093
       19.7751  0.000606121
            20   0.00060219
//
#-------------------------------------------------------------------------------
