#ZVView-data-copy:  31-Jul-2018 16:22:11
#=======================================
#
#name:   ENDF/B-VIII.0: XE-132(N,G)XE-133
#X.axis: Incident Energy
#Y.axis: Cross Section
#wdata:  2
#ldata:  2829
#data...
#            X            Y
#          MeV        barns
         1e-11      22.6657
   1.10304e-11      21.5811
   1.21669e-11      20.5485
   1.34206e-11      19.5652
   1.48034e-11       18.629
   1.63287e-11      17.7376
   1.80111e-11      16.8888
   1.98669e-11      16.0807
   2.19139e-11      15.3112
   2.41719e-11      14.5785
   2.66625e-11      13.8809
   2.94097e-11      13.2167
     3.244e-11      12.5843
   3.57825e-11      11.9821
   3.94694e-11      11.4088
   4.35362e-11      10.8628
   4.80221e-11       10.343
   5.29701e-11      9.84812
    5.8428e-11      9.37688
   6.44483e-11      8.92819
   7.10888e-11      8.50097
   7.84136e-11      8.09419
   8.64931e-11      7.70687
   9.54051e-11      7.33809
   1.05235e-10      6.98696
   1.16078e-10      6.65263
   1.28039e-10      6.33429
   1.41231e-10      6.03119
   1.55784e-10      5.74259
   1.71835e-10       5.4678
    1.8954e-10      5.20616
    2.0907e-10      4.95704
   2.30612e-10      4.71984
   2.54374e-10      4.49399
   2.80584e-10      4.27895
   3.09494e-10       4.0742
   3.41383e-10      3.87924
   3.76558e-10      3.69362
   4.15358e-10      3.51687
   4.58155e-10      3.34859
   5.05362e-10      3.18835
   5.57433e-10      3.03579
   6.14869e-10      2.89052
   6.78223e-10       2.7522
   7.48105e-10      2.62051
   8.25188e-10      2.49511
   9.10213e-10      2.37572
      1.004e-9      2.26204
    1.10745e-9      2.15379
    1.22155e-9      2.05073
    1.34742e-9       1.9526
    1.48625e-9      1.85916
    1.63939e-9       1.7702
    1.80831e-9      1.68549
    1.99463e-9      1.60484
    2.20016e-9      1.52804
    2.42685e-9      1.45492
    2.67691e-9       1.3853
    2.95273e-9      1.31901
    3.25697e-9      1.25589
    3.59256e-9      1.19579
    3.96272e-9      1.13857
    4.37103e-9      1.08409
    4.82141e-9      1.03222
    5.31819e-9     0.982843
    5.86616e-9     0.935838
    6.47059e-9     0.891095
     7.1373e-9     0.848504
    7.87271e-9     0.807951
    8.68389e-9     0.769326
    9.57865e-9     0.732527
    1.05656e-8     0.697466
    1.16543e-8     0.664071
    1.28551e-8     0.632283
    1.41796e-8     0.602031
    1.56406e-8     0.573242
    1.72522e-8     0.545827
    1.90298e-8     0.519703
    2.09906e-8     0.494809
    2.31534e-8     0.471103
    2.52419e-8     0.451171
       2.53e-8     0.450652
    2.79068e-8     0.429067
    3.07823e-8     0.408523
     3.3954e-8     0.388986
    3.74525e-8     0.370401
    4.13115e-8     0.352679
    4.55681e-8     0.335776
    5.02633e-8     0.319675
    5.54423e-8     0.304349
    6.11549e-8     0.289768
    6.74561e-8     0.275924
    7.44066e-8     0.262745
    8.20732e-8     0.250146
    9.05297e-8      0.23814
    9.98577e-8     0.226712
    1.10147e-7     0.215834
    1.21496e-7     0.205478
    1.34014e-7     0.195635
    1.47823e-7     0.186303
    1.63054e-7      0.17736
    1.79855e-7     0.168836
    1.98386e-7     0.160722
    2.18827e-7     0.152998
    2.41375e-7     0.145644
    2.66245e-7     0.138644
    2.93678e-7     0.132027
    3.23938e-7     0.125675
    3.57316e-7      0.11962
    3.94132e-7     0.113853
    4.34743e-7     0.108365
    4.79537e-7     0.103138
    5.28947e-7     0.098166
     5.9168e-7    0.0927999
    6.57249e-7    0.0879931
    7.30048e-7    0.0834411
     8.0527e-7    0.0793988
    8.88242e-7    0.0755429
    9.79764e-7    0.0718761
    1.08072e-6    0.0683804
    1.18378e-6    0.0652949
     1.3149e-6    0.0618979
    1.44029e-6    0.0590844
    1.57757e-6    0.0563947
    1.74011e-6    0.0536192
    1.91941e-6    0.0509864
    2.11718e-6    0.0484693
    2.33533e-6    0.0460788
    2.59412e-6    0.0436409
    2.84137e-6    0.0416227
    3.11233e-6    0.0396911
    3.38526e-6    0.0379775
    3.73407e-6    0.0360607
    4.11881e-6    0.0342387
     4.5432e-6    0.0325011
    5.11762e-6    0.0304994
    5.64492e-6    0.0289365
    6.13994e-6    0.0276501
    6.67836e-6    0.0264138
    7.26399e-6    0.0252215
    8.01245e-6    0.0238943
    8.77655e-6    0.0227111
    9.47932e-6    0.0217679
    1.03106e-5    0.0207561
    1.12147e-5    0.0197881
    1.21982e-5    0.0188615
    1.31755e-5    0.0180439
    1.42305e-5    0.0172574
    1.53708e-5    0.0164982
    1.68358e-5    0.0156403
    1.83121e-5    0.0148823
    2.00585e-5    0.0141018
    2.22802e-5    0.0132513
     2.4234e-5    0.0126076
    2.61757e-5    0.0120461
     2.8075e-5    0.0115603
    3.01122e-5    0.0111005
    3.22971e-5    0.0106639
    3.43979e-5    0.0102935
    3.66372e-5   0.00994614
    3.90203e-5   0.00962354
    4.15605e-5   0.00932669
    4.48884e-5   0.00900493
    4.78105e-5   0.00878147
    5.09205e-5   0.00859615
    5.38554e-5   0.00847734
    5.65634e-5   0.00840994
     5.9355e-5   0.00838558
    6.19028e-5   0.00841153
    6.41109e-5   0.00847073
    6.63944e-5   0.00857323
    6.82811e-5   0.00869124
    7.02213e-5   0.00884996
    7.27261e-5   0.00912348
    7.42687e-5   0.00933275
    7.58478e-5   0.00958668
    7.74567e-5   0.00989106
    7.91036e-5    0.0102607
    8.07815e-5    0.0107068
    8.19212e-5    0.0110599
    8.30769e-5    0.0114608
     8.4249e-5    0.0119205
    8.54376e-5     0.012452
     8.6643e-5    0.0130675
    8.78653e-5    0.0137818
    8.87951e-5    0.0143961
    8.97335e-5     0.015092
    9.06808e-5    0.0158813
    9.16369e-5    0.0167826
    9.26065e-5    0.0178197
    9.35853e-5    0.0190147
    9.42408e-5    0.0199182
    9.49056e-5    0.0209247
    9.55704e-5    0.0220318
    9.62445e-5     0.023283
    9.69187e-5    0.0246793
    9.76024e-5    0.0262672
    9.81151e-5    0.0275887
    9.86327e-5    0.0290595
    9.91527e-5    0.0306605
    9.96727e-5    0.0324507
     0.0001002    0.0344477
   0.000100727    0.0366769
   0.000101257    0.0391877
   0.000101792    0.0420314
   0.000102148    0.0441269
   0.000102505    0.0464062
   0.000102866    0.0489264
   0.000103228    0.0516827
    0.00010359    0.0547063
   0.000103951    0.0580301
   0.000104318    0.0617445
   0.000104684    0.0658713
   0.000105051    0.0704721
   0.000105326    0.0742785
   0.000105602    0.0784435
   0.000105879    0.0829881
   0.000106155      0.08795
   0.000106432    0.0934164
   0.000106709    0.0994528
   0.000106987     0.106182
    0.00010727     0.113774
   0.000107553     0.122261
   0.000107836     0.131787
   0.000108024     0.138779
   0.000108213     0.146366
   0.000108401     0.154632
   0.000108576      0.16297
   0.000108751     0.172025
   0.000108926     0.181883
   0.000109101     0.192642
   0.000109275     0.204418
    0.00010945      0.21734
   0.000109625     0.231562
     0.0001098     0.247253
   0.000109976     0.264778
   0.000110153     0.284287
   0.000110329     0.306112
   0.000110447      0.32213
   0.000110564     0.339471
   0.000110682     0.358282
   0.000110794     0.377766
   0.000110901     0.397869
   0.000111008     0.419653
   0.000111115      0.44331
   0.000111221     0.469064
   0.000111328     0.497171
   0.000111435     0.527928
   0.000111542     0.561681
   0.000111638     0.594954
   0.000111724     0.627117
   0.000111809     0.662005
   0.000111895     0.699935
    0.00011198     0.741275
   0.000112066     0.786447
   0.000112151     0.835943
   0.000112237     0.890331
   0.000112312     0.942457
   0.000112408      1.01658
   0.000112472      1.07102
   0.000112536      1.13002
     0.0001126      1.19411
   0.000112664      1.26391
   0.000112728      1.34013
   0.000112793      1.42359
   0.000112846      1.49938
   0.000112899      1.58151
   0.000112953      1.67072
   0.000113006      1.76786
    0.00011306      1.87392
   0.000113113      1.99002
   0.000113167      2.11751
    0.00011322      2.25795
   0.000113263      2.38087
   0.000113306      2.51437
   0.000113348      2.65972
   0.000113391      2.81841
   0.000113434      2.99218
   0.000113477      3.18305
   0.000113519      3.39343
   0.000113562      3.62616
   0.000113594      3.81743
   0.000113626       4.0249
   0.000113658      4.25055
    0.00011369      4.49669
   0.000113722      4.76607
   0.000113754      5.06193
   0.000113786      5.38818
   0.000113818      5.74959
   0.000113845      6.08186
   0.000113872      6.44682
   0.000113899      6.84967
   0.000113925      7.29681
   0.000113952      7.79644
   0.000113972      8.21177
   0.000113992      8.66788
   0.000114012      9.17152
   0.000114032      9.73087
   0.000114051      10.3122
    0.00011407      10.9609
   0.000114088      11.6894
   0.000114102      12.2969
   0.000114116       12.965
    0.00011413      13.7023
   0.000114144      14.5186
   0.000114159      15.4255
   0.000114173      16.4358
   0.000114182       17.174
   0.000114195      18.3299
   0.000114209      19.6191
   0.000114222      21.0596
   0.000114232      22.2513
   0.000114242      23.5487
   0.000114252      24.9619
   0.000114262      26.5015
   0.000114273       28.297
   0.000114283      30.2651
   0.000114293      32.2822
   0.000114303        34.48
   0.000114313      36.8743
   0.000114323      39.4813
   0.000114333      42.1219
   0.000114342      44.9773
   0.000114353      48.5707
   0.000114364       52.497
   0.000114376      57.2264
   0.000114385      61.2741
   0.000114394      65.6296
   0.000114404      70.3109
   0.000114414      75.7089
   0.000114424      81.9278
   0.000114435      88.6489
   0.000114446       95.899
   0.000114457      103.705
   0.000114467      112.092
   0.000114478      121.084
   0.000114489      130.703
   0.000114499      140.969
    0.00011451        151.9
   0.000114521       163.51
   0.000114531      175.811
   0.000114547      195.573
   0.000114563      216.912
   0.000114579      239.806
   0.000114595      264.214
   0.000114612      290.054
   0.000114633      326.543
    0.00011466      374.908
   0.000114697      446.019
   0.000114744      535.343
   0.000114776      594.141
   0.000114802      636.286
   0.000114819      661.501
   0.000114836      683.939
   0.000114853      703.233
    0.00011487       719.06
   0.000114887      731.148
   0.000114904      739.289
   0.000114923      743.518
    0.00011493       743.81
   0.000114943      742.555
   0.000114961      736.697
   0.000114981      724.961
   0.000115002      707.516
   0.000115018      690.072
   0.000115036      667.404
   0.000115057      637.654
    0.00011508      598.652
   0.000115108      549.449
   0.000115153      463.253
   0.000115195      383.716
   0.000115221      336.882
   0.000115238      307.114
   0.000115259      271.898
   0.000115278      243.113
   0.000115292      222.294
   0.000115307      202.725
   0.000115321      184.425
   0.000115336      167.395
   0.000115347       155.02
    0.00011536      141.793
   0.000115372      129.521
   0.000115385      118.173
   0.000115398      107.713
   0.000115408      100.427
   0.000115417      93.6018
   0.000115427      87.2162
   0.000115437      81.2534
   0.000115447      75.2466
   0.000115459      68.8697
   0.000115471      63.0492
   0.000115483      57.7474
   0.000115495      52.9266
   0.000115507      48.5508
   0.000115519      44.5837
   0.000115531      40.9928
   0.000115543      37.7456
   0.000115555      34.8122
   0.000115567      32.1637
   0.000115576      30.4132
   0.000115585       28.668
   0.000115595      27.0573
   0.000115604      25.5706
   0.000115613      24.1982
   0.000115623       22.931
   0.000115632      21.7604
   0.000115646      20.1688
    0.00011566      18.7526
   0.000115674      17.4906
   0.000115688      16.3634
   0.000115702      15.3543
   0.000115716      14.4483
   0.000115733      13.4866
   0.000115751      12.5701
   0.000115769      11.7609
   0.000115787      11.0425
   0.000115805      10.4009
   0.000115823      9.82476
   0.000115841      9.30448
   0.000115859      8.83218
   0.000115877      8.40136
   0.000115901      7.88216
   0.000115921      7.49087
   0.000115945      7.06369
   0.000115969      6.67632
   0.000115993      6.32327
   0.000116025      5.89832
   0.000116058      5.51804
    0.00011609      5.17577
   0.000116122      4.86619
   0.000116154      4.58497
   0.000116188      4.30816
   0.000116226      4.03829
   0.000116263      3.79389
   0.000116301      3.57172
   0.000116338      3.36908
   0.000116375      3.18366
   0.000116413      3.01351
    0.00011645      2.85695
   0.000116493      2.69283
   0.000116541      2.52487
   0.000116589      2.37242
   0.000116637      2.23361
   0.000116685      2.10682
   0.000116734      1.99068
   0.000116782      1.88403
    0.00011683      1.78583
   0.000116883      1.68558
   0.000116942      1.58487
   0.000117001      1.49303
   0.000117059      1.40903
   0.000117118      1.33201
   0.000117177       1.2612
   0.000117236      1.19595
   0.000117295      1.13568
   0.000117361      1.07259
   0.000117436      1.00802
   0.000117511     0.949131
   0.000117586     0.895275
   0.000117661     0.845893
   0.000117735     0.800503
    0.00011781     0.758687
   0.000117885      0.72008
   0.000117965     0.681913
   0.000118051     0.644468
   0.000118136     0.610039
   0.000118222     0.578311
   0.000118307     0.549007
   0.000118435     0.509076
   0.000118564     0.473368
    0.00011866     0.449007
   0.000118767     0.424092
   0.000118874     0.401205
   0.000118981     0.380131
   0.000119087     0.360684
   0.000119248     0.334217
   0.000119408     0.310591
   0.000119531     0.294156
    0.00011967     0.277113
   0.000119809     0.261509
   0.000119948     0.247184
   0.000120087     0.234005
   0.000120226     0.221858
   0.000120365      0.21064
   0.000120573     0.195355
   0.000120733     0.184711
   0.000120894     0.174923
   0.000121054       0.1659
   0.000121294     0.153632
   0.000121535      0.14269
   0.000121775     0.132901
   0.000121957     0.126172
    0.00012216     0.119235
   0.000122363     0.112856
   0.000122566     0.106988
   0.000122769     0.101577
   0.000123074    0.0942124
   0.000123378    0.0876364
   0.000123698    0.0814712
   0.000124024    0.0758304
   0.000124351    0.0707725
   0.000124678    0.0662167
   0.000125004    0.0621064
   0.000125332    0.0583701
   0.000125661    0.0549432
   0.000125991    0.0518178
    0.00012632    0.0489662
    0.00012665     0.046354
   0.000126979    0.0439565
   0.000127387    0.0412631
   0.000127795    0.0388129
   0.000128202    0.0365829
    0.00012861    0.0345497
   0.000129038     0.032606
   0.000129465    0.0308339
   0.000129893    0.0292128
    0.00013032    0.0277259
   0.000130748    0.0263588
   0.000131389     0.024506
    0.00013203    0.0228612
   0.000132729    0.0212692
   0.000133427    0.0198516
   0.000134103    0.0186267
   0.000134735    0.0175953
   0.000135366    0.0166586
   0.000136055    0.0157317
   0.000136772    0.0148587
   0.000137489    0.0140679
   0.000138217    0.0133399
   0.000138944     0.012679
   0.000139921    0.0118814
   0.000140904    0.0111649
   0.000141895    0.0105214
   0.000142892   0.00994147
   0.000143897   0.00941701
   0.000144908    0.0089413
   0.000145927   0.00850853
   0.000146953   0.00811377
   0.000147986    0.0077527
   0.000149546   0.00726673
   0.000151118    0.0068395
   0.000152616   0.00647995
   0.000154076    0.0061689
   0.000155537   0.00588965
   0.000157183   0.00561267
   0.000158844   0.00535868
   0.000159957   0.00520505
   0.000162213   0.00492371
     0.0001643   0.00469718
   0.000166618   0.00447715
   0.000168791   0.00429454
   0.000171172   0.00412094
   0.000173281   0.00397976
   0.000175726   0.00383696
   0.000179462   0.00364617
   0.000181994   0.00353485
   0.000185256   0.00340799
   0.000189195   0.00327719
   0.000193208   0.00316279
   0.000197316   0.00306198
   0.000201502   0.00297634
   0.000207227   0.00287571
     0.0002122   0.00280295
   0.000219727   0.00271673
   0.000225756   0.00266204
   0.000231786   0.00261862
   0.000239482   0.00257724
   0.000248125   0.00254545
   0.000257698   0.00252818
   0.000263363   0.00252424
    0.00027508   0.00253302
   0.000286205   0.00255801
   0.000296862   0.00259813
   0.000307762   0.00265365
   0.000319616   0.00273118
   0.000329227   0.00280903
   0.000340235   0.00291351
    0.00035111   0.00303513
   0.000363234   0.00319583
   0.000373556   0.00335429
    0.00038306   0.00352165
    0.00039422   0.00374644
     0.0004038   0.00396855
   0.000410985   0.00415598
    0.00041817   0.00436145
   0.000425355   0.00459069
    0.00043254   0.00484277
   0.000439725   0.00512541
   0.000445239   0.00536556
   0.000448358    0.0055068
   0.000454683   0.00582237
   0.000461098   0.00617173
    0.00046607     0.006472
    0.00047086   0.00678635
    0.00047565   0.00712811
    0.00048044   0.00750049
    0.00048523   0.00790719
    0.00049002    0.0083525
    0.00049481    0.0088414
     0.0004996   0.00937972
    0.00050439   0.00997431
    0.00050918    0.0106332
    0.00051397    0.0113661
    0.00051876    0.0121834
   0.000522352    0.0128617
   0.000525945    0.0136007
   0.000529538    0.0144133
    0.00053313    0.0153022
   0.000536722    0.0162858
   0.000540315    0.0173683
   0.000543908    0.0185746
     0.0005475    0.0199114
   0.000549895    0.0208909
    0.00055229     0.021948
   0.000554685    0.0230911
    0.00055708    0.0243299
   0.000559475    0.0256754
    0.00056187    0.0271403
   0.000564265    0.0287391
    0.00056666    0.0304888
   0.000569055     0.032409
    0.00057145    0.0345228
   0.000573845    0.0368573
    0.00057624    0.0394442
   0.000578934    0.0426931
   0.000580731    0.0450982
   0.000582527    0.0477208
   0.000584323    0.0505847
   0.000586119    0.0537208
   0.000587916    0.0571646
   0.000589712    0.0609583
   0.000591508    0.0651505
   0.000593304    0.0697995
   0.000595101    0.0749584
   0.000596448     0.079232
   0.000597795    0.0838879
    0.00059903     0.088528
   0.000600265    0.0935749
   0.000601088    0.0971863
   0.000602585      0.10432
   0.000603895     0.111236
   0.000605261      0.11922
   0.000606327     0.126075
     0.0006076     0.135066
   0.000608872     0.145066
   0.000609995     0.154853
   0.000611117     0.165677
   0.000612071     0.175809
   0.000613026     0.186906
   0.000614036     0.199852
   0.000614785     0.210337
   0.000615533     0.221678
   0.000616281     0.233969
    0.00061703      0.24732
   0.000617778     0.261858
   0.000618527     0.277727
   0.000619275     0.295094
   0.000620024     0.314156
   0.000620772      0.33514
    0.00062152     0.358314
   0.000622269     0.383993
   0.000623017     0.412553
   0.000623579     0.436129
    0.00062414     0.461798
   0.000624701     0.489814
   0.000625263     0.520473
   0.000625828     0.554353
     0.0006264     0.592187
   0.000626973     0.634052
   0.000627545     0.680548
   0.000628118     0.732358
    0.00062869     0.790295
    0.00062914     0.840713
   0.000629589     0.896151
   0.000630038     0.957284
   0.000630487      1.02491
   0.000630936      1.09998
   0.000631385      1.18364
   0.000631834      1.27722
   0.000632133      1.34593
   0.000632433      1.42034
   0.000632732       1.5011
   0.000633031      1.58896
   0.000633331      1.68477
     0.0006336      1.77861
   0.000633959      1.91643
   0.000634199      2.01741
   0.000634438      2.12657
   0.000634678      2.24483
   0.000634917      2.37321
   0.000635157      2.51287
   0.000635396      2.66517
   0.000635666      2.85355
   0.000635935      3.06254
   0.000636205      3.29533
   0.000636474      3.55572
   0.000636654      3.74683
   0.000636833      3.95372
   0.000637067      4.24916
   0.000637301      4.57872
   0.000637534      4.94782
    0.00063769      5.21903
   0.000637845      5.51297
   0.000638001      5.83223
   0.000638142      6.14503
    0.00063833      6.60493
   0.000638519      7.11777
   0.000638708      7.69182
   0.000638833      8.11335
   0.000638959      8.56988
   0.000639085      9.06529
   0.000639246      9.76656
   0.000639408      10.5504
   0.000639516      11.1251
   0.000639624      11.7467
   0.000639731      12.4201
   0.000639839       13.151
   0.000639947      13.9458
   0.000640043      14.7116
   0.000640139      15.5391
   0.000640234      16.4347
    0.00064033      17.4054
   0.000640426      18.4588
   0.000640522      19.6037
   0.000640618      20.8496
   0.000640713      22.2068
   0.000640797      23.4949
   0.000640881      24.8852
   0.000640965      26.3867
   0.000641049      28.0086
   0.000641133      29.7605
   0.000641216      31.6524
     0.0006413      33.6939
   0.000641384      35.8946
   0.000641492      38.9721
     0.0006416      42.3427
   0.000641707      46.0163
   0.000641815      49.9947
   0.000641923      54.2688
   0.000642067      60.3845
   0.000642246      68.5412
   0.000642534      81.8843
   0.000642671      87.8577
   0.000642775      91.9142
   0.000642878      95.4645
   0.000642981       98.387
   0.000643084      100.576
   0.000643165      101.722
   0.000643246       102.34
     0.0006433       102.45
   0.000643378      102.182
   0.000643459      101.373
   0.000643539      100.044
    0.00064362      98.2276
   0.000643701      95.9644
   0.000643793      92.9346
   0.000643905      88.6395
   0.000644054      82.2034
   0.000644462      63.3658
   0.000644605       57.054
   0.000644713      52.6039
   0.000644821      48.4365
   0.000644929      44.5695
   0.000645036      41.0077
   0.000645144      37.7461
   0.000645252      34.7724
    0.00064536      32.0696
   0.000645467      29.6182
   0.000645545      27.9924
   0.000645629       26.367
   0.000645713      24.8624
   0.000645797      23.4693
   0.000645881      22.1788
   0.000645964      20.9827
   0.000646048      19.8732
   0.000646174      18.3558
    0.00064627      17.3063
   0.000646366      16.3393
   0.000646461      15.4471
   0.000646557      14.6227
   0.000646653      13.8598
   0.000646797      12.8188
    0.00064694      11.8871
    0.00064706      11.1838
    0.00064718      10.5395
     0.0006473      9.94802
   0.000647419      9.40385
   0.000647539      8.90224
   0.000647659        8.439
   0.000647839        7.808
    0.00064797      7.38851
   0.000648114      6.96775
   0.000648258      6.58143
   0.000648401      6.22594
   0.000648545      5.89811
   0.000648689      5.59518
   0.000648904      5.18229
   0.000649048      4.93169
   0.000649228      4.64302
   0.000649407       4.3788
   0.000649587      4.13636
   0.000649766      3.91334
   0.000649946      3.70772
   0.000650126      3.51772
   0.000650395      3.25874
    0.00065059      3.08892
   0.000650799      2.92036
   0.000651009      2.76515
   0.000651218      2.62191
   0.000651533      2.42695
   0.000651847      2.25284
   0.000652161      2.09672
   0.000652431      1.97541
     0.0006527      1.86429
    0.00065297      1.76224
   0.000653239      1.66831
   0.000653509      1.58165
   0.000653778      1.50156
   0.000654182       1.3923
   0.000654497      1.31533
   0.000654856       1.2349
   0.000655215      1.16161
   0.000655574      1.09465
   0.000655934      1.03335
   0.000656293     0.977083
   0.000656652     0.925271
   0.000657011     0.877408
   0.000657408      0.82868
   0.000657842     0.779803
   0.000658276      0.73508
    0.00065871     0.694094
   0.000659144     0.656491
   0.000659578     0.621916
   0.000660013     0.589989
   0.000660664     0.546424
   0.000661337     0.506192
   0.000662011     0.470224
   0.000662684     0.437942
   0.000663358      0.40886
   0.000664032     0.382568
   0.000664705     0.358721
   0.000665379     0.337026
   0.000666053     0.317232
   0.000666726     0.299123
     0.0006674     0.282514
   0.000668111     0.266431
   0.000668897     0.250195
   0.000669682     0.235391
   0.000670468     0.221856
   0.000671254     0.209449
    0.00067204     0.198048
   0.000673088     0.184232
   0.000674136     0.171804
   0.000675183     0.160585
   0.000676231      0.15043
   0.000677279     0.141246
   0.000678327     0.132835
   0.000679375     0.125139
   0.000680422     0.118089
    0.00068162     0.110733
   0.000682817     0.104038
   0.000684015    0.0979283
   0.000685213    0.0923372
    0.00068641    0.0872079
   0.000687608    0.0824911
   0.000688805    0.0781437
   0.000690003    0.0741283
   0.000691799    0.0686574
   0.000693595    0.0637644
   0.000695391    0.0593729
   0.000697187     0.055415
   0.000698984    0.0518372
    0.00070078    0.0485911
   0.000702576    0.0456383
   0.000704372    0.0429435
   0.000706169    0.0404785
   0.000707965    0.0382172
   0.000709911    0.0359745
   0.000712156     0.033634
   0.000714402       0.0315
   0.000716347    0.0298095
   0.000717545    0.0288267
    0.00071994    0.0270131
   0.000722335    0.0253635
    0.00072473    0.0238587
   0.000727125    0.0224824
    0.00072952    0.0212203
   0.000731915    0.0200602
    0.00073431    0.0189914
   0.000736705    0.0180048
     0.0007391     0.017092
   0.000741495     0.016246
   0.000745088    0.0150905
    0.00074868    0.0140488
   0.000752273     0.013113
   0.000755865    0.0122636
   0.000759458    0.0114953
    0.00076305    0.0107939
   0.000766643    0.0101557
   0.000770235   0.00956999
   0.000773827   0.00903417
    0.00077742   0.00854088
    0.00078221   0.00794326
      0.000787   0.00740458
    0.00079179   0.00691805
    0.00079658   0.00647718
    0.00080137   0.00607647
    0.00080616   0.00571122
    0.00081095   0.00537741
    0.00081574   0.00507154
    0.00082053   0.00479061
    0.00082532   0.00453201
   0.000831906   0.00420913
   0.000837295   0.00396866
   0.000842684   0.00374888
    0.00084927   0.00350295
    0.00085406   0.00333893
   0.000861245   0.00311406
    0.00086843   0.00290946
   0.000875615   0.00272524
     0.0008828   0.00255666
   0.000889985   0.00240392
    0.00089717   0.00226345
   0.000904954   0.00212559
   0.000910941   0.00202731
   0.000919922   0.00189152
    0.00092591   0.00180871
    0.00093549    0.0016869
    0.00094507   0.00157676
   0.000952375   0.00149977
   0.000959679   0.00142824
   0.000966984   0.00136165
   0.000977552   0.00127345
   0.000987342   0.00119863
   0.000997131   0.00113061
    0.00100692   0.00106778
    0.00101345   0.00102891
     0.0010265  0.000957215
    0.00103847  0.000897787
    0.00105045  0.000843733
    0.00106243  0.000794431
     0.0010744  0.000749351
    0.00108637  0.000708034
    0.00109835  0.000670082
    0.00111033  0.000635149
     0.0011223  0.000602929
    0.00113362  0.000574735
    0.00114493   0.00054853
    0.00115625  0.000524138
    0.00116757  0.000501406
    0.00118355   0.00047184
    0.00119954  0.000444942
    0.00121553  0.000420424
    0.00123151  0.000398028
    0.00124876  0.000375993
      0.001266  0.000355922
    0.00128073  0.000340179
    0.00129546  0.000325608
    0.00131019  0.000312105
    0.00133228  0.000293755
    0.00135438   0.00027717
    0.00137647  0.000262476
     0.0013936  0.000252198
    0.00141326  0.000241298
    0.00142898  0.000233233
    0.00144914  0.000223989
    0.00146958  0.000215561
    0.00149945  0.000204725
    0.00152061  0.000198239
    0.00155011  0.000190422
    0.00157198  0.000185739
    0.00159388  0.000181785
    0.00161232  0.000179161
    0.00163076  0.000177149
     0.0016492  0.000175773
    0.00167315  0.000174986
    0.00169676  0.000175408
    0.00171506  0.000176678
    0.00173303  0.000178727
    0.00175099  0.000181838
    0.00176895  0.000185972
    0.00178093  0.000189474
     0.0017929  0.000193625
    0.00180487  0.000198509
    0.00181685  0.000204225
    0.00182883  0.000210892
     0.0018408  0.000218658
    0.00185329  0.000228119
    0.00186578  0.000239201
    0.00187369  0.000247319
     0.0018816  0.000256122
      0.001892  0.000269345
     0.0019024  0.000284568
     0.0019102  0.000297574
     0.0019168  0.000309905
    0.00192081  0.000317748
    0.00192882  0.000335238
    0.00193432  0.000348557
    0.00193981  0.000363101
    0.00194531  0.000378999
    0.00195081  0.000396412
    0.00195571  0.000413366
    0.00196061  0.000431843
    0.00196552  0.000452017
    0.00197202   0.00048172
    0.00197681   0.00050612
    0.00198161  0.000532988
    0.00198641   0.00056254
     0.0019912  0.000595277
      0.001996  0.000631527
    0.00199974  0.000662672
    0.00200349  0.000696583
    0.00200696   0.00073081
    0.00201043  0.000768051
     0.0020139  0.000808658
    0.00201737  0.000852979
    0.00202106  0.000904731
    0.00202474  0.000961981
    0.00202857    0.0010282
     0.0020324   0.00110216
    0.00203533   0.00116478
    0.00203825   0.00123341
    0.00204118   0.00130885
     0.0020441   0.00139199
    0.00204703   0.00148394
    0.00205013   0.00159258
    0.00205225   0.00167459
    0.00205438   0.00176333
    0.00205745   0.00190469
    0.00205935   0.00200166
    0.00206125   0.00210671
    0.00206314   0.00222062
    0.00206497   0.00233991
    0.00206674   0.00246479
     0.0020685   0.00259995
    0.00207026   0.00274632
    0.00207202   0.00290604
    0.00207377   0.00308053
    0.00207553   0.00327159
    0.00207728   0.00348172
    0.00207907     0.003718
    0.00208089   0.00398492
    0.00208271   0.00428244
    0.00208408   0.00452857
    0.00208544   0.00479707
     0.0020868   0.00509106
    0.00208817    0.0054139
    0.00208953   0.00576703
     0.0020909   0.00615755
    0.00209227   0.00659052
    0.00209363   0.00707135
      0.002095   0.00760764
    0.00209636   0.00820831
    0.00209727   0.00864975
    0.00209818   0.00912826
    0.00209909   0.00964813
        0.0021    0.0102143
    0.00210117    0.0110193
    0.00210195    0.0116102
    0.00210273    0.0122494
    0.00210351    0.0129429
    0.00210429    0.0136984
    0.00210507    0.0145238
    0.00210585    0.0154274
    0.00210653    0.0162898
    0.00210741      0.01751
    0.00210829    0.0188738
    0.00210887    0.0198743
    0.00210946    0.0209571
    0.00211004    0.0221316
    0.00211063    0.0234084
    0.00211118    0.0247192
     0.0021117     0.026057
    0.00211222    0.0275072
    0.00211274    0.0290829
    0.00211326    0.0307988
    0.00211378    0.0326724
     0.0021143    0.0347235
    0.00211482    0.0369754
    0.00211528    0.0391315
    0.00211586    0.0421934
    0.00211625    0.0444391
    0.00211664    0.0468693
    0.00211703    0.0495051
    0.00211742    0.0523714
    0.00211781    0.0554969
     0.0021182    0.0589142
    0.00211852    0.0620123
    0.00211885     0.065364
    0.00211918    0.0689979
     0.0021195    0.0729463
    0.00211982    0.0772472
    0.00212015    0.0819435
    0.00212048     0.087086
     0.0021208    0.0927332
    0.00212106    0.0976607
    0.00212132     0.102996
    0.00212158     0.108786
    0.00212184     0.115084
     0.0021221     0.121952
    0.00212236     0.129462
    0.00212262     0.137698
    0.00212288     0.146755
    0.00212317     0.158073
    0.00212337     0.166373
    0.00212356     0.175355
    0.00212376     0.185098
    0.00212395     0.195693
    0.00212415     0.207244
    0.00212434     0.219874
    0.00212452      0.23252
    0.00212468     0.245014
    0.00212485     0.258572
    0.00212501     0.273322
    0.00212517     0.289414
    0.00212533     0.307022
     0.0021255      0.32635
    0.00212566     0.347641
    0.00212583     0.373051
    0.00212597     0.395616
    0.00212611     0.420407
    0.00212625     0.447761
    0.00212639     0.478067
    0.00212652     0.509246
    0.00212663     0.538208
    0.00212674     0.569975
    0.00212686      0.60634
    0.00212697     0.648297
    0.00212709     0.693282
    0.00212719     0.737178
    0.00212728     0.784546
    0.00212735     0.821089
    0.00212744     0.877292
     0.0021275     0.912139
    0.00212758     0.970781
    0.00212766      1.03639
    0.00212772      1.09091
    0.00212778      1.15058
    0.00212785      1.22256
     0.0021279      1.28423
    0.00212795       1.3513
      0.002128      1.42435
    0.00212806      1.51451
    0.00212813      1.62582
    0.00212817      1.71789
    0.00212822      1.81814
    0.00212827      1.92739
    0.00212832       2.0465
    0.00212837      2.17642
    0.00212842      2.31811
    0.00212847      2.47273
    0.00212852      2.64134
    0.00212856      2.82523
    0.00212861      3.02564
    0.00212866      3.24399
    0.00212871      3.48164
    0.00212876       3.7401
    0.00212881       4.0208
    0.00212886      4.32557
    0.00212891      4.65576
    0.00212895      5.01308
      0.002129      5.39908
    0.00212905      5.81549
     0.0021291      6.26378
    0.00212915      6.74557
     0.0021292      7.26209
    0.00212925      7.81507
     0.0021293      8.40535
    0.00212936      9.25263
    0.00212943      10.1705
    0.00212949      11.1603
    0.00212956      12.2226
    0.00212962      13.3571
    0.00212969      14.5624
    0.00212975      15.8359
    0.00212985      17.8652
    0.00212996      20.2877
    0.00213009      23.4832
    0.00213038      30.3278
    0.00213051      33.4045
    0.00213064      35.9828
    0.00213074       37.817
    0.00213083      39.1431
    0.00213091      40.1733
    0.00213099      41.0173
    0.00213109      41.6373
    0.00213116      41.8507
     0.0021312      41.8824
    0.00213127      41.7696
    0.00213136      41.3381
    0.00213146      40.5284
    0.00213155      39.4175
    0.00213165      38.0171
    0.00213175       36.166
    0.00213187      33.8362
    0.00213199      31.0379
     0.0021322      26.0656
    0.00213239      21.4786
    0.00213249      19.1493
    0.00213257      17.4877
    0.00213266      15.5244
    0.00213274      14.0548
    0.00213281      12.8864
    0.00213287      11.7283
    0.00213294      10.6502
    0.00213301      9.65153
    0.00213308      8.73157
    0.00213312      8.16093
    0.00213318      7.47568
    0.00213324       6.8434
     0.0021333      6.26163
    0.00213336      5.72805
     0.0021334      5.35768
    0.00213345      5.01186
    0.00213349      4.68925
    0.00213353      4.38876
    0.00213358       4.1091
    0.00213363      3.79395
    0.00213369      3.48126
    0.00213375      3.19857
    0.00213381      2.94317
    0.00213386       2.7128
    0.00213392       2.5051
    0.00213398      2.31795
    0.00213404      2.14931
     0.0021341      1.99739
    0.00213416      1.86046
    0.00213422      1.73698
    0.00213426      1.64627
    0.00213431       1.5627
    0.00213436       1.4856
    0.00213443      1.38088
     0.0021345      1.28775
    0.00213457      1.20465
    0.00213464      1.13028
    0.00213471      1.06348
    0.00213478      1.00329
    0.00213485     0.948811
    0.00213492     0.899348
      0.002135     0.851294
    0.00213508     0.802233
    0.00213517     0.757922
    0.00213525     0.717712
    0.00213531     0.692908
    0.00213543      0.64749
    0.00213554     0.606898
    0.00213565     0.570401
    0.00213577       0.5374
    0.00213588     0.507418
    0.00213599     0.480989
     0.0021361     0.456712
    0.00213625     0.427263
    0.00213639     0.400719
    0.00213654     0.376685
    0.00213668     0.354839
    0.00213683     0.334911
    0.00213698     0.316674
    0.00213714     0.298159
    0.00213732     0.279661
     0.0021375     0.262879
    0.00213768     0.247602
    0.00213785     0.233649
    0.00213803     0.220869
    0.00213821     0.209131
    0.00213839     0.198322
    0.00213859     0.187044
    0.00213882     0.175535
    0.00213905     0.165071
    0.00213928     0.155528
     0.0021395     0.146798
    0.00213973     0.138792
    0.00213996     0.131429
    0.00214019     0.124643
    0.00214043     0.117945
    0.00214069     0.111383
    0.00214095     0.105359
    0.00214121    0.0998154
    0.00214147    0.0947012
    0.00214186    0.0877419
    0.00214225    0.0815276
    0.00214254    0.0772929
    0.00214287    0.0729659
    0.00214319    0.0689945
    0.00214352    0.0653409
    0.00214384    0.0619718
    0.00214433    0.0573903
    0.00214482    0.0533027
    0.00214519    0.0504598
    0.00214561    0.0475131
    0.00214604    0.0448178
    0.00214646    0.0423454
    0.00214688    0.0400718
     0.0021473    0.0379765
    0.00214773    0.0360417
    0.00214836    0.0334061
    0.00214888    0.0314543
     0.0021494    0.0296692
    0.00214992    0.0280324
    0.00215044    0.0265278
    0.00215096    0.0251416
    0.00215148    0.0238616
    0.00215226    0.0221179
    0.00215285    0.0209331
     0.0021535    0.0197252
    0.00215414    0.0186193
    0.00215479    0.0176042
    0.00215545    0.0166701
    0.00215609    0.0158088
    0.00215707    0.0146372
    0.00215772    0.0139275
    0.00215856    0.0130805
    0.00215941    0.0123096
    0.00216026    0.0116044
     0.0021611    0.0109573
    0.00216194    0.0103631
    0.00216279   0.00981679
    0.00216364   0.00931322
    0.00216448   0.00884756
    0.00216539   0.00838391
     0.0021663   0.00795582
    0.00216766   0.00737299
    0.00216903   0.00685237
     0.0021704   0.00638537
    0.00217176   0.00596474
    0.00217313   0.00558468
    0.00217449    0.0052403
    0.00217585   0.00492714
    0.00217722   0.00464154
    0.00217858    0.0043804
    0.00217995   0.00414102
    0.00218177   0.00385147
    0.00218359   0.00359163
    0.00218541    0.0033576
    0.00218718   0.00315153
     0.0021889   0.00296913
    0.00219063   0.00280235
    0.00219235   0.00264951
     0.0021942   0.00249941
    0.00219618   0.00235301
    0.00219817   0.00221869
    0.00220015   0.00209593
     0.0022028   0.00194759
    0.00220528   0.00182264
    0.00220777   0.00170972
    0.00221026   0.00160733
    0.00221274   0.00151421
    0.00221537   0.00142468
     0.0022183   0.00133442
    0.00222123   0.00125282
    0.00222415   0.00117883
    0.00222707   0.00111155
       0.00223   0.00105018
    0.00223306   0.00099158
    0.00223612  0.000938139
    0.00223928  0.000887736
    0.00224261   0.00083903
    0.00224594  0.000794521
    0.00224928  0.000753748
    0.00225373  0.000704526
    0.00225772  0.000664681
    0.00226305  0.000617221
    0.00226718  0.000584135
    0.00227131  0.000553963
    0.00227545  0.000526377
    0.00227958  0.000501092
    0.00228372  0.000477862
    0.00228785  0.000456474
    0.00229252  0.000434345
    0.00229718  0.000414048
    0.00230238    0.0003934
    0.00230758  0.000374592
    0.00231278  0.000357415
    0.00231798  0.000341692
    0.00232318  0.000327269
    0.00233083  0.000308186
    0.00233819  0.000291782
    0.00234509  0.000278044
    0.00235084  0.000267595
     0.0023612   0.00025089
     0.0023704  0.000237943
     0.0023795  0.000226666
     0.0023886  0.000216702
     0.0023977  0.000207884
     0.0024068  0.000200075
     0.0024159  0.000193158
      0.002425  0.000187037
     0.0024341   0.00018163
     0.0024432  0.000176873
     0.0024561  0.000171121
      0.002469  0.000166411
     0.0024819  0.000162646
     0.0024948  0.000159747
     0.0025077  0.000157657
     0.0025206  0.000156337
    0.00253673   0.00015573
    0.00254641  0.000155941
    0.00255931   0.00015688
    0.00257221  0.000158605
    0.00258511  0.000161171
    0.00259801  0.000164652
    0.00261091  0.000169153
    0.00262703  0.000176432
    0.00263671    0.0001818
    0.00264639  0.000188117
    0.00265457  0.000194335
    0.00265953  0.000198348
    0.00267194   0.00021017
    0.00267938  0.000218481
    0.00268682  0.000227937
    0.00269427  0.000238629
    0.00270171  0.000250899
    0.00270915  0.000264907
    0.00271411  0.000275454
    0.00271908  0.000287105
    0.00272404  0.000300022
      0.002729  0.000314379
    0.00273425  0.000331443
     0.0027395  0.000350739
    0.00274344  0.000366963
    0.00274738  0.000384927
    0.00275132  0.000404922
    0.00275527  0.000427308
    0.00275922  0.000452439
    0.00276319  0.000480955
    0.00276718  0.000513466
    0.00277116  0.000550601
    0.00277416  0.000582266
    0.00277716  0.000617816
    0.00278016  0.000657817
    0.00278316  0.000703077
    0.00278516  0.000736661
    0.00278716  0.000773334
    0.00278915  0.000813299
    0.00279114  0.000857313
    0.00279312  0.000905904
    0.00279511  0.000959749
    0.00279716   0.00102158
    0.00279921   0.00109086
    0.00280074   0.00114843
    0.00280228   0.00121169
    0.00280378    0.0012799
    0.00280523    0.0013519
    0.00280667   0.00143122
    0.00280811   0.00151887
    0.00280956   0.00161609
      0.002811   0.00172443
    0.00281244   0.00184568
    0.00281389   0.00198199
    0.00281485   0.00208249
    0.00281581   0.00219175
    0.00281677   0.00231078
    0.00281774   0.00244087
     0.0028187    0.0025835
    0.00281982   0.00276837
    0.00282095   0.00297583
     0.0028217   0.00312856
    0.00282245   0.00329441
     0.0028232   0.00347491
    0.00282395   0.00367181
     0.0028247   0.00388701
    0.00282558   0.00416642
    0.00282646   0.00447925
    0.00282705   0.00470928
    0.00282764   0.00495877
    0.00282823   0.00522992
    0.00282881   0.00552528
     0.0028294   0.00584778
    0.00283008   0.00626231
    0.00283077   0.00672484
    0.00283145   0.00724316
    0.00283191   0.00762431
    0.00283237   0.00803772
    0.00283282   0.00848715
    0.00283325   0.00894202
    0.00283384   0.00963991
    0.00283423    0.0101533
    0.00283463    0.0107102
    0.00283502    0.0113158
    0.00283541     0.011976
    0.00283581    0.0126975
     0.0028362    0.0134883
    0.00283665    0.0144889
     0.0028371    0.0156087
     0.0028374    0.0164311
     0.0028377    0.0173222
      0.002838    0.0182899
     0.0028383    0.0193435
     0.0028386    0.0204935
    0.00283898    0.0220859
    0.00283923     0.023256
    0.00283948    0.0245244
    0.00283972    0.0259028
    0.00283998    0.0274044
    0.00284023    0.0290446
    0.00284048    0.0308412
     0.0028407    0.0326093
     0.0028409    0.0343161
     0.0028411    0.0361649
     0.0028413    0.0381725
     0.0028415    0.0403581
     0.0028417     0.042744
     0.0028419    0.0453562
     0.0028421    0.0482256
    0.00284229    0.0511813
    0.00284246     0.054204
    0.00284264    0.0575162
    0.00284281    0.0611588
    0.00284299    0.0651803
    0.00284316    0.0696403
    0.00284334    0.0746122
    0.00284347    0.0787323
     0.0028436    0.0832411
    0.00284373    0.0879537
    0.00284385    0.0931413
    0.00284398    0.0988896
     0.0028441     0.105309
    0.00284419     0.110652
    0.00284429     0.116533
    0.00284438     0.123054
    0.00284448      0.13034
    0.00284457     0.138551
    0.00284466     0.147226
    0.00284474     0.156713
     0.0028448      0.16376
    0.00284485     0.171479
    0.00284491     0.179961
    0.00284497     0.189312
    0.00284502     0.199651
    0.00284508     0.211119
    0.00284513     0.223871
    0.00284519     0.238086
    0.00284525     0.253966
     0.0028453     0.271739
    0.00284535     0.286466
    0.00284539     0.302517
    0.00284543     0.320036
    0.00284547     0.339151
    0.00284552     0.364098
    0.00284557     0.388174
    0.00284561     0.414557
    0.00284565      0.44347
     0.0028457     0.475152
    0.00284574     0.509862
    0.00284578     0.547871
    0.00284583     0.589474
    0.00284587     0.634991
    0.00284592     0.684758
    0.00284596     0.739124
      0.002846     0.798464
    0.00284605      0.86318
    0.00284609      0.93369
    0.00284613      1.01042
    0.00284618      1.09384
    0.00284622      1.17436
    0.00284625      1.25023
     0.0028463      1.37335
    0.00284635      1.50845
    0.00284641      1.65635
    0.00284646        1.818
    0.00284651      1.99426
    0.00284656      2.18609
    0.00284661      2.39429
    0.00284666      2.61992
    0.00284672      2.86367
    0.00284675      3.03668
    0.00284681      3.33877
    0.00284686      3.66507
    0.00284692      4.01655
    0.00284698      4.39386
    0.00284703      4.79779
    0.00284709      5.22864
    0.00284714      5.68678
     0.0028472      6.17217
    0.00284727        6.773
    0.00284733      7.41001
    0.00284742      8.31377
    0.00284751      9.27569
    0.00284761      10.4497
    0.00284772      11.8484
    0.00284798      15.1599
    0.00284815      17.2976
    0.00284829      18.9511
    0.00284839      20.0284
    0.00284848      20.8897
    0.00284859      21.8031
    0.00284867      22.3799
    0.00284877       22.909
    0.00284886      23.2227
    0.00284893      23.3636
      0.002849      23.4141
    0.00284908      23.3504
    0.00284918      23.1093
    0.00284926      22.7351
    0.00284934      22.3251
    0.00284942      21.7132
    0.00284952      20.8482
    0.00284961      19.9691
    0.00284972      18.8296
    0.00284985      17.2273
    0.00285007      14.5641
    0.00285028      11.8296
    0.00285037      10.6571
    0.00285048       9.4655
    0.00285056      8.56114
    0.00285064      7.70572
     0.0028507      7.09873
    0.00285078      6.39379
    0.00285085      5.73699
     0.0028509       5.3261
    0.00285095      4.93667
      0.002851      4.56871
    0.00285105      4.22183
     0.0028511      3.89574
    0.00285115      3.60831
    0.00285119      3.33832
    0.00285124      3.08514
    0.00285129      2.84827
    0.00285133      2.62704
    0.00285138      2.42088
    0.00285143      2.22909
    0.00285148      2.05109
    0.00285152      1.88607
    0.00285157      1.73347
    0.00285162      1.58355
    0.00285166      1.47933
    0.00285169       1.3818
    0.00285173      1.29061
    0.00285177      1.20545
    0.00285181      1.12598
    0.00285184      1.05189
    0.00285188     0.982894
    0.00285192     0.918675
    0.00285196     0.858955
    0.00285199     0.803469
    0.00285203     0.751953
    0.00285207     0.704152
    0.00285211     0.659824
    0.00285214     0.618747
    0.00285218       0.5807
    0.00285223     0.539859
    0.00285226     0.507668
     0.0028523     0.477899
    0.00285234     0.450354
    0.00285237     0.424893
    0.00285242     0.393904
    0.00285248     0.365992
    0.00285252      0.34085
    0.00285257     0.318196
    0.00285262     0.297771
    0.00285268     0.279342
    0.00285273       0.2627
    0.00285277     0.247656
    0.00285282     0.234035
    0.00285288     0.221685
    0.00285293     0.210468
    0.00285298     0.200261
    0.00285303     0.189845
    0.00285309     0.179437
    0.00285316     0.170097
    0.00285322     0.161682
    0.00285328     0.154068
    0.00285334     0.147151
    0.00285344     0.137886
    0.00285353     0.129735
    0.00285362     0.122499
    0.00285372     0.116021
    0.00285381     0.110176
    0.00285394     0.103201
    0.00285404    0.0981826
    0.00285415    0.0930384
    0.00285426    0.0883483
    0.00285437    0.0840498
    0.00285453    0.0788413
    0.00285468    0.0741452
    0.00285482    0.0698879
    0.00285498    0.0660109
    0.00285513    0.0624664
     0.0028553    0.0586986
     0.0028555    0.0548143
     0.0028557     0.051319
     0.0028559    0.0481605
     0.0028561    0.0452952
     0.0028563    0.0426869
     0.0028565    0.0403049
     0.0028567    0.0381231
    0.00285691    0.0359993
    0.00285714     0.033944
    0.00285736     0.032065
    0.00285759    0.0303421
    0.00285781    0.0287584
    0.00285804     0.027299
    0.00285837    0.0253154
     0.0028586    0.0241141
    0.00285891    0.0225864
    0.00285923    0.0212035
    0.00285954    0.0199474
    0.00285985     0.018803
    0.00286016    0.0177572
    0.00286048    0.0167989
    0.00286079    0.0159184
     0.0028611    0.0151076
    0.00286149    0.0141881
    0.00286188    0.0133528
    0.00286226    0.0125918
    0.00286265    0.0118963
    0.00286304     0.011259
    0.00286343    0.0106737
    0.00286381    0.0101347
     0.0028642   0.00963742
    0.00286465   0.00910664
     0.0028651   0.00862073
    0.00286555   0.00817479
      0.002866   0.00776459
    0.00286668   0.00720828
    0.00286735   0.00671352
     0.0028678    0.0064135
    0.00286838   0.00606079
    0.00286895   0.00573883
    0.00286952   0.00544414
     0.0028701   0.00517364
    0.00287067   0.00492468
    0.00287154   0.00458707
     0.0028724   0.00428723
    0.00287326   0.00401962
    0.00287413   0.00377951
    0.00287499   0.00356334
    0.00287585   0.00336825
    0.00287671   0.00319169
    0.00287757   0.00303145
    0.00287844   0.00288563
     0.0028793   0.00275263
    0.00288026   0.00261764
    0.00288123   0.00249523
    0.00288219    0.0023839
    0.00288363     0.002235
    0.00288508   0.00210489
    0.00288652   0.00199077
    0.00288794   0.00189168
    0.00288936   0.00180473
    0.00289077   0.00172784
    0.00289218   0.00165967
     0.0028936   0.00159887
     0.0028956   0.00152414
    0.00289771   0.00145759
    0.00289982   0.00140191
    0.00290193   0.00135561
    0.00290403    0.0013177
     0.0029061   0.00128704
    0.00290818   0.00126251
    0.00291026   0.00124351
    0.00291296   0.00122623
    0.00291546   0.00121705
    0.00291795   0.00121409
     0.0029215   0.00121935
    0.00292506   0.00123485
    0.00292849   0.00125969
    0.00293167   0.00129132
    0.00293485    0.0013314
    0.00293802   0.00138034
     0.0029412   0.00143876
    0.00294438   0.00150753
    0.00294769   0.00159123
    0.00294989   0.00165461
     0.0029532   0.00176211
    0.00295536   0.00184159
    0.00295752   0.00192979
    0.00295968   0.00202779
    0.00296184   0.00213525
    0.00296383   0.00224445
    0.00296583   0.00236513
    0.00296782   0.00249823
    0.00296982   0.00264525
    0.00297186   0.00281169
    0.00297389   0.00299706
    0.00297593   0.00320411
    0.00297746   0.00337562
    0.00297894   0.00355762
    0.00298041    0.0037534
    0.00298187    0.0039672
    0.00298334   0.00420136
     0.0029848    0.0044585
    0.00298628    0.0047438
    0.00298777   0.00506382
    0.00298927   0.00541895
    0.00299077   0.00581453
    0.00299226   0.00625785
    0.00299326   0.00658377
    0.00299467   0.00709197
    0.00299605   0.00764448
    0.00299696   0.00805122
    0.00299787   0.00849274
    0.00299879   0.00897275
     0.0029997   0.00949575
    0.00300062     0.010067
    0.00300145    0.0106333
    0.00300257    0.0114787
    0.00300332    0.0121007
    0.00300407    0.0127756
    0.00300482    0.0135097
    0.00300556      0.01431
    0.00300631    0.0151848
    0.00300706    0.0161435
    0.00300793    0.0173833
    0.00300851     0.018292
     0.0030091    0.0192748
    0.00300968    0.0203401
    0.00301026    0.0214973
    0.00301084    0.0227571
    0.00301142    0.0241319
    0.00301194    0.0254681
    0.00301263    0.0274095
    0.00301332    0.0295836
    0.00301377     0.031182
    0.00301423    0.0329156
    0.00301469    0.0348002
    0.00301514    0.0368538
    0.00301556    0.0388845
    0.00301612    0.0419067
    0.00301649    0.0441237
    0.00301687    0.0465233
    0.00301724    0.0491264
    0.00301762    0.0519566
    0.00301799    0.0550414
    0.00301837    0.0584126
     0.0030188    0.0627574
    0.00301924    0.0676116
    0.00301953    0.0711714
    0.00301982    0.0750237
    0.00302011    0.0792013
     0.0030204    0.0837424
    0.00302069    0.0886906
    0.00302107    0.0957344
    0.00302132     0.100914
    0.00302157     0.106533
    0.00302181     0.112643
    0.00302206     0.119305
    0.00302231     0.126588
    0.00302256     0.134576
    0.00302279     0.142598
      0.003023     0.150546
    0.00302321     0.159196
    0.00302341     0.168636
    0.00302362     0.178967
    0.00302383      0.19031
    0.00302404     0.202805
    0.00302425     0.216622
    0.00302443     0.229954
    0.00302458     0.242432
    0.00302474     0.256006
     0.0030249     0.270816
    0.00302505     0.287029
    0.00302521     0.304845
    0.00302536     0.324502
    0.00302552     0.346293
    0.00302565      0.36655
    0.00302581     0.393991
    0.00302592     0.414248
    0.00302602      0.43632
    0.00302612     0.459241
    0.00302623     0.484303
    0.00302633     0.514055
    0.00302645     0.548388
    0.00302655     0.582731
    0.00302665     0.619464
    0.00302675     0.661729
    0.00302682     0.697405
     0.0030269     0.734597
    0.00302697     0.775313
    0.00302704     0.820009
    0.00302711     0.869175
     0.0030272     0.933658
    0.00302729      1.00619
    0.00302736      1.08014
    0.00302743      1.14547
    0.00302749      1.21694
    0.00302755      1.29514
    0.00302761      1.38077
    0.00302767      1.47453
    0.00302774      1.57728
     0.0030278      1.68978
    0.00302786      1.81296
    0.00302792      1.94774
    0.00302799      2.09516
    0.00302805      2.25622
    0.00302811      2.43204
    0.00302817      2.62368
    0.00302824      2.83238
     0.0030283       3.0592
    0.00302836      3.30537
    0.00302842      3.57202
    0.00302849      3.86034
    0.00302855      4.17134
    0.00302861      4.50612
    0.00302867      4.86553
    0.00302873      5.25068
     0.0030288      5.66206
    0.00302886      6.10039
    0.00302894      6.72742
    0.00302903      7.41228
    0.00302911      8.17552
    0.00302918       8.7825
    0.00302927      9.63645
    0.00302935      10.5382
    0.00302947      11.8029
    0.00302962       13.584
       0.00303      18.0318
    0.00303018      20.0774
    0.00303032      21.5239
    0.00303043      22.6192
    0.00303054      23.4548
    0.00303064      24.1021
    0.00303075      24.6461
    0.00303084      24.9371
    0.00303093      25.1248
      0.003031      25.1634
    0.00303106      25.1327
    0.00303116       24.939
    0.00303127      24.5714
    0.00303139      23.9374
    0.00303151      23.0995
    0.00303163       22.021
    0.00303177      20.6379
    0.00303193      18.8747
    0.00303215      16.2723
    0.00303241      13.2099
    0.00303252      11.8656
    0.00303265      10.4442
    0.00303277      9.27944
    0.00303286      8.40815
    0.00303293      7.79218
    0.00303302       7.0557
     0.0030331      6.37342
    0.00303319      5.74498
    0.00303325       5.3555
    0.00303331      4.98909
    0.00303336      4.64519
    0.00303343      4.27881
    0.00303349      3.99099
    0.00303354        3.722
     0.0030336       3.4709
    0.00303366      3.23703
    0.00303371      3.01946
    0.00303377      2.81739
    0.00303382      2.62993
    0.00303388      2.45628
    0.00303394      2.29558
    0.00303399      2.14706
    0.00303406      1.98077
    0.00303413      1.83006
     0.0030342      1.69355
    0.00303427      1.56999
    0.00303434      1.45818
     0.0030344      1.35702
    0.00303447      1.26547
    0.00303454      1.18261
    0.00303461      1.10753
    0.00303468      1.03947
    0.00303475     0.974566
    0.00303483     0.910267
    0.00303491     0.852567
    0.00303499     0.800672
    0.00303507     0.753868
    0.00303515     0.711543
    0.00303523     0.673136
    0.00303531     0.638191
    0.00303536     0.616612
    0.00303547     0.577078
    0.00303557     0.541776
    0.00303567     0.511401
    0.00303577     0.483871
    0.00303588     0.458802
    0.00303598     0.435879
    0.00303611     0.408199
    0.00303625     0.383346
    0.00303638     0.360909
    0.00303652      0.34055
    0.00303665     0.321997
    0.00303682     0.301307
    0.00303699     0.282665
    0.00303715      0.26579
    0.00303732     0.250453
    0.00303748     0.236462
    0.00303765     0.223656
    0.00303782       0.2119
    0.00303798     0.201078
    0.00303819     0.188712
     0.0030384     0.177484
    0.00303861     0.167255
    0.00303881     0.157907
    0.00303902     0.149338
    0.00303923     0.141465
    0.00303944      0.13421
    0.00303965      0.12751
    0.00303989     0.120124
    0.00304014     0.113373
    0.00304039     0.107183
    0.00304064     0.101494
    0.00304089    0.0962522
    0.00304114    0.0914109
    0.00304152    0.0848128
    0.00304181    0.0801674
    0.00304214    0.0753151
    0.00304247    0.0708942
     0.0030428    0.0668548
    0.00304314     0.063154
    0.00304347    0.0597547
     0.0030438    0.0566249
    0.00304413    0.0537366
    0.00304451    0.0507457
    0.00304492    0.0477083
    0.00304534    0.0449376
    0.00304575     0.042403
    0.00304617    0.0400783
    0.00304659    0.0379409
      0.003047    0.0359713
    0.00304742    0.0341524
    0.00304787    0.0323079
    0.00304837    0.0304628
    0.00304887    0.0287729
    0.00304937    0.0272208
    0.00304987    0.0257914
    0.00305037    0.0244717
    0.00305112    0.0226743
    0.00305162    0.0215841
     0.0030522     0.020409
    0.00305278    0.0193278
    0.00305336    0.0183308
    0.00305423    0.0169747
    0.00305511    0.0157645
    0.00305598      0.01468
    0.00305664    0.0139275
    0.00305739    0.0131485
    0.00305814    0.0124335
    0.00305889    0.0117757
    0.00305964    0.0111691
    0.00306076    0.0103439
    0.00306188   0.00960763
    0.00306275   0.00908837
    0.00306375   0.00854526
    0.00306475   0.00804988
    0.00306575   0.00759704
    0.00306674   0.00718227
    0.00306774   0.00680079
    0.00306874   0.00644844
    0.00306974   0.00612282
    0.00307078    0.0058097
    0.00307186   0.00550949
    0.00307348   0.00510166
     0.0030751   0.00473762
    0.00307672   0.00441159
    0.00307834   0.00411855
    0.00307996   0.00385419
    0.00308158   0.00361487
     0.0030832   0.00339744
    0.00308482   0.00319944
    0.00308644   0.00301866
    0.00308807   0.00285308
    0.00308969   0.00270106
    0.00309185   0.00251701
    0.00309401   0.00235162
    0.00309617   0.00220235
    0.00309821   0.00207467
    0.00310024    0.0019581
    0.00310228    0.0018514
    0.00310432   0.00175349
    0.00310693   0.00163895
    0.00310955   0.00153567
    0.00311217   0.00144264
    0.00311479   0.00135794
    0.00311797   0.00126495
    0.00312115   0.00118168
    0.00312433   0.00110677
    0.00312751   0.00103913
    0.00313069  0.000977865
    0.00313399  0.000920107
    0.00313736  0.000866753
    0.00314073  0.000818249
    0.00314447  0.000769297
    0.00314821  0.000724972
    0.00315195  0.000684703
    0.00315569  0.000648004
    0.00315943  0.000614467
     0.0031634   0.00058192
    0.00316749  0.000551385
    0.00317158  0.000523465
    0.00317585  0.000496858
    0.00318011  0.000472526
     0.0031858  0.000443178
    0.00319148  0.000416926
    0.00319697  0.000394274
    0.00320225  0.000374386
    0.00320754  0.000356296
    0.00321283  0.000339802
    0.00321811  0.000324727
     0.0032234  0.000310922
    0.00323133   0.00029227
    0.00323662  0.000281112
    0.00324327   0.00026831
    0.00324992  0.000256727
    0.00325657  0.000246236
    0.00326322  0.000236719
    0.00326987  0.000228074
    0.00327984  0.000216592
    0.00328982  0.000206556
    0.00329741  0.000199841
    0.00330879  0.000191072
    0.00332018  0.000183565
    0.00333062  0.000177775
    0.00334106  0.000172821
    0.00334803  0.000169993
    0.00336195  0.000165305
    0.00337588  0.000161802
    0.00338808  0.000159637
    0.00340028  0.000158266
    0.00341553  0.000157604
    0.00342468   0.00015778
    0.00343688  0.000158647
    0.00344908  0.000160251
    0.00346128  0.000162618
    0.00347348  0.000165777
    0.00348318  0.000168887
    0.00349287  0.000172564
    0.00350257  0.000176844
    0.00351227  0.000181774
    0.00352197  0.000187409
    0.00353167  0.000193818
    0.00354137  0.000201078
    0.00355454  0.000212496
    0.00356498  0.000222914
    0.00357541  0.000234861
    0.00358584  0.000248389
    0.00359279  0.000258489
    0.00359975  0.000269536
    0.00360975  0.000287338
     0.0036189  0.000305762
      0.003625  0.000319428
     0.0036311  0.000334315
     0.0036372  0.000350562
     0.0036433  0.000368327
     0.0036494  0.000387796
     0.0036555  0.000409166
    0.00366069  0.000429019
    0.00366587  0.000450621
    0.00367105  0.000474164
    0.00367624   0.00049988
    0.00368143  0.000528037
    0.00368661  0.000558946
    0.00369179  0.000592971
    0.00369698  0.000630549
    0.00370384  0.000686382
    0.00370796  0.000723937
    0.00371208  0.000764936
     0.0037162  0.000809772
    0.00372016  0.000857013
    0.00372382  0.000904648
    0.00372748  0.000956616
    0.00373114   0.00101344
     0.0037348   0.00107575
    0.00373846   0.00114424
    0.00374166   0.00120992
    0.00374487   0.00128169
    0.00374807    0.0013603
    0.00375127   0.00144664
    0.00375447   0.00154177
    0.00375798   0.00165757
    0.00376042   0.00174615
    0.00376286   0.00184222
     0.0037653   0.00194665
    0.00376774   0.00206044
    0.00377018   0.00218474
    0.00377262   0.00232088
    0.00377506   0.00247013
     0.0037775   0.00263457
    0.00377994   0.00281661
    0.00378238   0.00301891
    0.00378482   0.00324331
    0.00378665   0.00342826
    0.00378848   0.00363045
    0.00379031   0.00385139
    0.00379214   0.00409338
    0.00379397    0.0043592
     0.0037958   0.00465207
    0.00379763    0.0049758
    0.00379946   0.00533489
    0.00380129   0.00573468
    0.00380312   0.00618157
    0.00380434    0.0065094
    0.00380556   0.00686424
    0.00380678   0.00724914
      0.003808   0.00766758
    0.00380922   0.00812359
    0.00381044   0.00862182
    0.00381166   0.00916765
    0.00381288   0.00976734
     0.0038141    0.0104282
    0.00381547    0.0112555
    0.00381639    0.0118628
     0.0038173      0.01252
    0.00381822    0.0132332
    0.00381913    0.0140101
    0.00382005    0.0148589
    0.00382096    0.0157882
    0.00382176    0.0166752
    0.00382279    0.0179306
    0.00382382     0.019334
    0.00382451    0.0203637
    0.00382519    0.0214783
    0.00382588    0.0226874
    0.00382657    0.0240021
    0.00382722    0.0253521
    0.00382782    0.0267301
    0.00382843    0.0282242
    0.00382904    0.0298478
    0.00382966    0.0316165
    0.00383027     0.033548
    0.00383088    0.0356631
    0.00383149    0.0379857
    0.00383202    0.0402101
    0.00383271      0.04337
    0.00383316    0.0456885
    0.00383362    0.0481985
    0.00383408    0.0509222
    0.00383453    0.0538852
    0.00383499    0.0571171
    0.00383545    0.0606521
    0.00383583    0.0638579
    0.00383621    0.0673275
    0.00383659     0.071091
    0.00383698    0.0751823
    0.00383736    0.0796411
    0.00383774    0.0845127
    0.00383812    0.0898502
     0.0038385    0.0957152
    0.00383893     0.103035
    0.00383936     0.111238
    0.00383964      0.11727
    0.00383993     0.123814
    0.00384022     0.130929
     0.0038405     0.138686
    0.00384079     0.147166
    0.00384105     0.155816
    0.00384132     0.165269
    0.00384159     0.175628
    0.00384185     0.187018
    0.00384211     0.199112
    0.00384237     0.212453
    0.00384264     0.228089
    0.00384288     0.243128
    0.00384311     0.259619
    0.00384334     0.277914
    0.00384354     0.294599
    0.00384372     0.311487
    0.00384394     0.335425
     0.0038441     0.353035
    0.00384425     0.372155
    0.00384439     0.391349
    0.00384458      0.42052
    0.00384471     0.441962
    0.00384484     0.465225
      0.003845     0.495247
    0.00384515     0.528561
     0.0038453     0.565714
    0.00384542     0.596492
    0.00384553      0.63013
    0.00384564     0.667017
    0.00384576     0.707594
    0.00384587     0.752394
    0.00384599     0.802011
     0.0038461     0.857154
    0.00384622     0.918629
    0.00384633     0.987375
    0.00384645      1.06445
    0.00384652      1.12105
     0.0038466       1.1823
    0.00384667      1.24861
    0.00384675      1.32047
    0.00384683      1.39835
     0.0038469      1.48282
    0.00384698      1.57441
    0.00384706      1.67375
    0.00384713      1.78146
    0.00384721      1.89821
    0.00384728      2.02467
    0.00384736      2.16588
    0.00384744      2.31893
    0.00384752      2.48466
     0.0038476      2.66385
    0.00384768      2.85734
    0.00384776      3.06585
    0.00384783      3.29017
    0.00384791      3.53094
      0.003848      3.83707
     0.0038481      4.16783
    0.00384819      4.52396
    0.00384828      4.90584
    0.00384838      5.31367
     0.0038485      5.89177
    0.00384862      6.51123
    0.00384874      7.17105
    0.00384889      8.04605
    0.00384909      9.23016
    0.00384952      11.9443
    0.00384972      13.1385
    0.00384985      13.8068
    0.00384997      14.4176
    0.00385009      14.9586
    0.00385022      15.4594
    0.00385036      15.8489
    0.00385048      16.1014
    0.00385061      16.2432
     0.0038507      16.2748
    0.00385082      16.2218
    0.00385094      16.0597
    0.00385106      15.7882
    0.00385119      15.4148
     0.0038513      15.0042
    0.00385141      14.5271
    0.00385155      13.8016
     0.0038517      12.9935
    0.00385186      12.0507
    0.00385236      8.92385
    0.00385251      8.04159
    0.00385266      7.16692
    0.00385278      6.50753
     0.0038529      5.88849
    0.00385299      5.45244
     0.0038531      4.97185
    0.00385321      4.52619
    0.00385332       4.1152
    0.00385342      3.73824
     0.0038535      3.50525
    0.00385357      3.28649
    0.00385365       3.0478
    0.00385373      2.82707
    0.00385382      2.62335
     0.0038539      2.43572
    0.00385399      2.26316
    0.00385407      2.10474
    0.00385415      1.95946
    0.00385424      1.82637
    0.00385432      1.70982
     0.0038544      1.60276
    0.00385448      1.50444
    0.00385456      1.41415
    0.00385464      1.33121
    0.00385472      1.25502
     0.0038548      1.18497
    0.00385488      1.12055
    0.00385499      1.04252
    0.00385509     0.972508
     0.0038552      0.91168
     0.0038553     0.856663
     0.0038554     0.806772
     0.0038555     0.761418
    0.00385561     0.720073
    0.00385571     0.682284
    0.00385585     0.636741
    0.00385598     0.596001
    0.00385612     0.559384
    0.00385627      0.52285
    0.00385636     0.504391
    0.00385653     0.470515
    0.00385669     0.440184
    0.00385686      0.41289
    0.00385703     0.388212
     0.0038572     0.365807
    0.00385736     0.345386
    0.00385753     0.326711
    0.00385773     0.306978
    0.00385792     0.289051
    0.00385812     0.272705
    0.00385831     0.257753
     0.0038585     0.244035
     0.0038587     0.231414
    0.00385889     0.219773
    0.00385909     0.209011
    0.00385934     0.196428
    0.00385958     0.184972
    0.00385983     0.174509
    0.00386008     0.164926
    0.00386033     0.156124
    0.00386057      0.14802
    0.00386082     0.140541
    0.00386107     0.133622
    0.00386137     0.125795
    0.00386168     0.118645
    0.00386199     0.112093
    0.00386229     0.106076
    0.00386259     0.100535
     0.0038629     0.095421
    0.00386336    0.0884579
     0.0038637    0.0837279
    0.00386408    0.0789074
    0.00386446    0.0744947
    0.00386484    0.0704449
    0.00386523    0.0667189
    0.00386561    0.0632832
    0.00386618    0.0586107
    0.00386656    0.0557798
    0.00386702    0.0526474
    0.00386748    0.0497732
    0.00386793    0.0471291
    0.00386839    0.0446906
    0.00386908     0.041373
    0.00386976    0.0384118
    0.00387022     0.036611
    0.00387083    0.0344009
    0.00387144    0.0323856
    0.00387205    0.0305428
    0.00387266    0.0288534
    0.00387327    0.0273007
    0.00387388    0.0258704
    0.00387449    0.0245498
     0.0038751    0.0233282
    0.00387579    0.0220599
    0.00387647    0.0208925
    0.00387716    0.0198156
    0.00387819    0.0183501
    0.00387922    0.0170417
    0.00388025    0.0158687
    0.00388109    0.0150003
    0.00388208    0.0140635
    0.00388307    0.0132129
    0.00388406    0.0124379
    0.00388505    0.0117289
    0.00388604    0.0110782
    0.00388703    0.0104797
    0.00388802    0.0099285
    0.00388905    0.0094009
    0.00389012   0.00889705
    0.00389119    0.0084327
    0.00389226   0.00800385
    0.00389386   0.00741949
    0.00389546   0.00689698
    0.00389706   0.00642788
    0.00389828   0.00610192
    0.00390011   0.00565766
    0.00390194    0.0052603
    0.00390377   0.00490347
     0.0039056   0.00458183
    0.00390743   0.00429091
    0.00390926   0.00402691
    0.00391109    0.0037866
    0.00391292   0.00356725
    0.00391475   0.00336655
    0.00391658   0.00318298
    0.00391902    0.0029603
    0.00392146   0.00275959
     0.0039239   0.00257903
    0.00392634   0.00241595
    0.00392878   0.00226794
    0.00393122   0.00213298
    0.00393366   0.00200977
     0.0039361   0.00189699
    0.00393854    0.0017935
    0.00394098    0.0016983
    0.00394342   0.00161054
    0.00394586    0.0015294
    0.00394853   0.00144754
     0.0039512   0.00137218
    0.00395387    0.0013026
    0.00395764   0.00121296
    0.00396096   0.00114168
    0.00396427   0.00107662
    0.00396782   0.00101304
    0.00397148  0.000953211
    0.00397514  0.000898584
    0.00397953  0.000839121
    0.00398392  0.000785735
    0.00398849  0.000735202
    0.00399342  0.000686008
    0.00399753  0.000648818
    0.00399918  0.000636142
    0.00399959  0.000633697
         0.004  0.000631691
         0.004     0.152853
    0.00405643     0.151761
    0.00411366     0.150655
     0.0041717     0.149532
    0.00423055     0.148394
       0.00425     0.148018
    0.00430996     0.146944
    0.00437077     0.145855
    0.00443243      0.14475
    0.00449496      0.14363
        0.0045      0.14354
    0.00456349     0.142517
    0.00462787     0.141479
    0.00469316     0.140427
    0.00475937     0.139361
    0.00482652     0.138279
    0.00489461     0.137182
    0.00496367     0.136069
         0.005     0.135484
    0.00507054     0.134493
    0.00514208     0.133489
    0.00521462     0.132471
    0.00528819     0.131438
     0.0053628     0.130391
    0.00543846     0.129329
        0.0055     0.128465
     0.0055776     0.127499
    0.00565629      0.12652
    0.00573609     0.125526
    0.00581701     0.124519
    0.00589908     0.123498
     0.0059823     0.122462
         0.006     0.122242
    0.00608465     0.121274
    0.00617049     0.120292
    0.00625755     0.119296
    0.00634583     0.118286
    0.00643536     0.117262
        0.0065     0.116523
     0.0065917     0.115579
     0.0066847     0.114622
    0.00677901     0.113651
    0.00687465     0.112667
    0.00697164     0.111669
         0.007     0.111377
    0.00709876     0.110462
    0.00719891     0.109533
    0.00730047     0.108592
    0.00740347     0.107637
        0.0075     0.106742
    0.00760581     0.105849
    0.00771312     0.104944
    0.00782193     0.104026
    0.00793229     0.103095
         0.008     0.102523
    0.00811287     0.101656
    0.00822732     0.100777
     0.0083434    0.0998855
    0.00846111    0.0989813
        0.0085    0.0986826
    0.00861992    0.0978366
    0.00874153    0.0969788
    0.00886486    0.0961088
    0.00898993    0.0952266
         0.009    0.0951555
    0.00912697    0.0943299
    0.00925574    0.0934927
    0.00938632    0.0926437
        0.0095    0.0919046
    0.00963403    0.0910987
    0.00976995    0.0902815
    0.00990778    0.0894527
          0.01    0.0888983
     0.0101411    0.0881258
     0.0102842    0.0873424
     0.0104292    0.0865479
     0.0105764    0.0857423
      0.010625    0.0854761
     0.0107749    0.0847257
     0.0109269    0.0839647
     0.0110811    0.0831929
     0.0112374    0.0824103
       0.01125    0.0823472
     0.0114087    0.0816181
     0.0115697    0.0808786
     0.0117329    0.0801287
      0.011875    0.0794758
     0.0120425    0.0787671
     0.0122124    0.0780483
     0.0123847    0.0773195
        0.0125    0.0768318
     0.0126764    0.0761427
     0.0128552    0.0754439
     0.0130366    0.0747353
      0.013125    0.0743897
     0.0133102    0.0737196
      0.013498      0.07304
     0.0136884    0.0723508
       0.01375    0.0721278
      0.013944    0.0714759
     0.0141407    0.0708148
     0.0143402    0.0701444
      0.014375    0.0700274
     0.0145778    0.0693931
     0.0147835    0.0687498
      0.014992    0.0680974
         0.015    0.0680725
     0.0152116    0.0674788
     0.0154262    0.0668767
     0.0156439    0.0662661
     0.0158646    0.0656468
     0.0160884    0.0650189
       0.01625    0.0645655
     0.0164793    0.0640014
     0.0167118    0.0634293
     0.0169475    0.0628492
     0.0171866    0.0622609
     0.0174291    0.0616642
        0.0175    0.0614898
     0.0177469    0.0609534
     0.0179973    0.0604094
     0.0182512    0.0598577
     0.0185087    0.0592983
       0.01875    0.0587739
     0.0190145    0.0582634
     0.0192828    0.0577457
     0.0195548    0.0572206
     0.0198307    0.0566882
          0.02    0.0563615
     0.0202822    0.0558752
     0.0205683     0.055382
     0.0208585    0.0548819
     0.0211528    0.0543747
       0.02125    0.0542071
     0.0215498    0.0537435
     0.0218538    0.0532733
     0.0221621    0.0527965
     0.0224748    0.0523129
        0.0225     0.052274
     0.0228174    0.0518315
     0.0231393    0.0513829
     0.0234658    0.0509279
       0.02375    0.0505318
     0.0240851    0.0501092
     0.0244249    0.0496807
     0.0247695    0.0492462
         0.025    0.0489554
     0.0253527    0.0485647
     0.0257104    0.0481684
     0.0260731    0.0477665
       0.02625    0.0475705
     0.0266203    0.0471964
     0.0269959     0.046817
     0.0273768    0.0464322
        0.0275    0.0463077
      0.027888    0.0459492
     0.0282814    0.0455856
     0.0286804    0.0452169
       0.02875    0.0451526
     0.0291556    0.0448087
     0.0295669    0.0444599
     0.0299841    0.0441063
          0.03    0.0440928
     0.0304232    0.0437869
     0.0308525    0.0434767
     0.0312877    0.0431621
     0.0317292    0.0428431
     0.0321768    0.0425196
        0.0325     0.042286
     0.0329585    0.0420023
     0.0334235    0.0417146
      0.033895    0.0414228
     0.0343732    0.0411268
     0.0348582    0.0408267
         0.035     0.040739
     0.0354938    0.0404747
     0.0359945    0.0402067
     0.0365024    0.0399349
     0.0370173    0.0396593
        0.0375     0.039401
     0.0380291    0.0391538
     0.0385656    0.0389031
     0.0391097    0.0386489
     0.0396614     0.038391
          0.04    0.0382328
     0.0405643    0.0379993
     0.0411366    0.0377625
      0.041717    0.0375223
     0.0423055    0.0372787
        0.0425    0.0371983
     0.0430996    0.0369778
     0.0437077    0.0367542
     0.0443243    0.0365275
     0.0449496    0.0362975
         0.045     0.036279
     0.0456349    0.0360698
     0.0462787    0.0358577
     0.0469316    0.0356426
        0.0475    0.0354554
     0.0481701     0.035256
     0.0488497    0.0350538
     0.0495389    0.0348488
          0.05    0.0347116
     0.0507054    0.0345315
     0.0514208    0.0343489
     0.0521462    0.0341636
     0.0528819    0.0339758
      0.053628    0.0337853
     0.0543846    0.0335921
         0.055     0.033435
     0.0557759    0.0332664
     0.0565628    0.0330954
     0.0573608     0.032922
     0.0581701    0.0327462
     0.0589908    0.0325679
      0.059823    0.0323871
          0.06    0.0323486
     0.0608465    0.0322171
     0.0617049    0.0320838
     0.0625755    0.0319485
     0.0634583    0.0318114
     0.0643536    0.0316723
         0.065    0.0315719
      0.065917    0.0314447
      0.066847    0.0313157
     0.0677901    0.0311849
     0.0687465    0.0310522
     0.0697164    0.0309177
          0.07    0.0308784
     0.0709876    0.0307482
     0.0719891    0.0306163
     0.0730047    0.0304825
     0.0740347    0.0303468
     0.0750792    0.0302092
     0.0761384    0.0300696
     0.0772126    0.0299281
     0.0783019    0.0297846
     0.0794066     0.029639
          0.08    0.0295608
     0.0811287    0.0294355
     0.0822732    0.0293084
      0.083434    0.0291795
     0.0846111    0.0290488
     0.0858048    0.0289163
     0.0870153    0.0287819
      0.088243    0.0286456
     0.0894879    0.0285073
          0.09    0.0284505
           0.1    0.0274525
           0.1    0.0278162
      0.201411    0.0236968
           0.3    0.0212544
           0.4    0.0206956
      0.503527    0.0211884
      0.604232    0.0222619
       0.67281    0.0232515
           0.7    0.0171841
           0.8    0.0147601
           0.9    0.0142517
             1    0.0143042
       1.15811    0.0148551
        1.3078    0.0156116
           1.6    0.0111143
        1.8175    0.0114249
         1.978    0.0110105
        2.0009    0.0108654
         2.056    0.0103985
        2.1272    0.0100284
        2.2039   0.00965697
         2.231   0.00944837
         2.321    0.0091627
        2.4132   0.00905463
        2.4433   0.00899691
         2.488   0.00886367
           2.6   0.00807042
        2.7456   0.00677153
        2.8159   0.00617562
             3   0.00485561
          3.25   0.00356726
           3.5   0.00267497
             4   0.00152546
           4.5  0.000905177
             5  0.000548656
           5.5  0.000346694
             6  0.000245971
           6.5  0.000195997
        6.9521  0.000178792
           7.2  0.000177786
           7.5  0.000183113
             8  0.000201925
           8.5  0.000236363
          8.75  0.000256817
       9.56701  0.000328237
       9.81878  0.000349213
            10   0.00036368
       10.1411  0.000374104
         10.25  0.000382151
       10.3946  0.000391927
          10.5  0.000399052
       10.6481  0.000408085
         10.75  0.000414296
       10.9017  0.000422543
            11   0.00042789
       11.1552  0.000434698
       11.3126  0.000441602
       11.4722  0.000448603
          11.5  0.000449824
       11.6622  0.000454605
       11.8268  0.000459453
       11.9936  0.000464369
            12  0.000464557
       12.1693  0.000467401
        12.341  0.000470285
          12.5  0.000472956
       12.6764  0.000474493
       12.8552  0.000476053
            13  0.000477315
       13.1834  0.000478273
       13.3694  0.000479245
          13.5  0.000479927
       13.6905  0.000480511
       13.8836  0.000481102
            14  0.000481459
       14.1975  0.000481047
       14.3978   0.00048063
          14.6  0.000480208
        14.806  0.000478158
            15  0.000476227
       15.2116  0.000472422
       15.4262  0.000468563
          15.5  0.000467236
       15.7187  0.000461854
       15.9404  0.000456396
            16   0.00045493
       16.2257  0.000448886
       16.4546  0.000442757
          16.5  0.000441543
       16.7328  0.000435872
       16.9689  0.000430122
            17  0.000429363
       17.2398  0.000424816
       17.4831  0.000420204
          17.5  0.000419883
       17.7469   0.00041677
       17.9973  0.000413613
            18  0.000413579
       18.2539  0.000411711
          18.5  0.000409901
        18.761  0.000408508
       19.0257  0.000407096
       19.2941  0.000405664
          19.5  0.000404565
       19.7751  0.000401711
            20  0.000399378
//
#-------------------------------------------------------------------------------
