# n + 124Xe   : (n,pa)            Total
# Q-value    =-8.86218E-01
# E-threshold= 8.93433E-01
# # energies =   121
#     E          xs       gamma xs  xs/res.prod.xs
 1.00000E-11 0.00000E+00 0.00000E+00 0.00000E+00
 2.53000E-08 0.00000E+00 0.00000E+00 0.00000E+00
 1.00000E-06 0.00000E+00 0.00000E+00 0.00000E+00
 6.24376E-06 0.00000E+00 0.00000E+00 0.00000E+00
 1.00000E-05 0.00000E+00 0.00000E+00 0.00000E+00
 3.12188E-05 0.00000E+00 0.00000E+00 0.00000E+00
 1.00000E-04 0.00000E+00 0.00000E+00 0.00000E+00
 2.00000E-04 0.00000E+00 0.00000E+00 0.00000E+00
 3.00000E-04 0.00000E+00 0.00000E+00 0.00000E+00
 6.00000E-04 0.00000E+00 0.00000E+00 0.00000E+00
 1.00000E-03 0.00000E+00 0.00000E+00 0.00000E+00
 2.00000E-03 0.00000E+00 0.00000E+00 0.00000E+00
 3.00000E-03 0.00000E+00 0.00000E+00 0.00000E+00
 6.00000E-03 0.00000E+00 0.00000E+00 0.00000E+00
 1.00000E-02 0.00000E+00 0.00000E+00 0.00000E+00
 2.00000E-02 0.00000E+00 0.00000E+00 0.00000E+00
 3.00000E-02 0.00000E+00 0.00000E+00 0.00000E+00
 6.00000E-02 0.00000E+00 0.00000E+00 0.00000E+00
 1.00000E-01 0.00000E+00 0.00000E+00 0.00000E+00
 2.00000E-01 0.00000E+00 0.00000E+00 0.00000E+00
 3.00000E-01 0.00000E+00 0.00000E+00 0.00000E+00
 4.00000E-01 0.00000E+00 0.00000E+00 0.00000E+00
 5.00000E-01 0.00000E+00 0.00000E+00 0.00000E+00
 6.00000E-01 0.00000E+00 0.00000E+00 0.00000E+00
 7.00000E-01 0.00000E+00 0.00000E+00 0.00000E+00
 8.00000E-01 0.00000E+00 0.00000E+00 0.00000E+00
 9.00000E-01 0.00000E+00 0.00000E+00 0.00000E+00
 1.00000E+00 0.00000E+00 0.00000E+00 0.00000E+00
 1.20000E+00 0.00000E+00 0.00000E+00 0.00000E+00
 1.40000E+00 0.00000E+00 0.00000E+00 0.00000E+00
 1.60000E+00 0.00000E+00 0.00000E+00 0.00000E+00
 1.80000E+00 0.00000E+00 0.00000E+00 0.00000E+00
 2.00000E+00 0.00000E+00 0.00000E+00 0.00000E+00
 2.20000E+00 0.00000E+00 0.00000E+00 0.00000E+00
 2.40000E+00 0.00000E+00 0.00000E+00 0.00000E+00
 2.60000E+00 0.00000E+00 0.00000E+00 0.00000E+00
 2.80000E+00 0.00000E+00 0.00000E+00 0.00000E+00
 3.00000E+00 0.00000E+00 0.00000E+00 0.00000E+00
 3.20000E+00 0.00000E+00 0.00000E+00 0.00000E+00
 3.40000E+00 0.00000E+00 0.00000E+00 0.00000E+00
 3.60000E+00 0.00000E+00 0.00000E+00 0.00000E+00
 3.80000E+00 0.00000E+00 0.00000E+00 0.00000E+00
 4.00000E+00 0.00000E+00 0.00000E+00 0.00000E+00
 4.20000E+00 0.00000E+00 0.00000E+00 0.00000E+00
 4.40000E+00 0.00000E+00 0.00000E+00 0.00000E+00
 4.60000E+00 0.00000E+00 0.00000E+00 0.00000E+00
 4.80000E+00 0.00000E+00 0.00000E+00 0.00000E+00
 5.00000E+00 0.00000E+00 0.00000E+00 0.00000E+00
 5.20000E+00 0.00000E+00 0.00000E+00 0.00000E+00
 5.40000E+00 0.00000E+00 0.00000E+00 0.00000E+00
 5.60000E+00 0.00000E+00 0.00000E+00 0.00000E+00
 5.80000E+00 0.00000E+00 0.00000E+00 0.00000E+00
 6.00000E+00 0.00000E+00 0.00000E+00 0.00000E+00
 6.20000E+00 0.00000E+00 0.00000E+00 0.00000E+00
 6.40000E+00 0.00000E+00 0.00000E+00 0.00000E+00
 6.60000E+00 0.00000E+00 0.00000E+00 0.00000E+00
 6.80000E+00 2.12198E-20 1.32053E-24 0.00000E+00
 7.00000E+00 1.84631E-19 2.77388E-23 0.00000E+00
 7.20000E+00 1.12618E-18 2.02898E-22 0.00000E+00
 7.40000E+00 5.38339E-18 1.17394E-21 0.00000E+00
 7.60000E+00 2.08195E-17 7.68311E-21 0.00000E+00
 7.80000E+00 1.06971E-16 4.24340E-20 0.00000E+00
 8.00000E+00 4.36112E-16 1.85475E-19 0.00000E+00
 8.50000E+00 8.25141E-15 6.07480E-18 0.00000E+00
 9.00000E+00 1.09635E-13 9.44470E-17 0.00000E+00
 9.50000E+00 8.73087E-12 1.77300E-11 9.99997E-01
 1.00000E+01 6.41201E-11 1.42426E-10 9.99996E-01
 1.05000E+01 3.76351E-10 8.65677E-10 9.99995E-01
 1.10000E+01 1.56464E-09 3.71992E-09 9.99994E-01
 1.15000E+01 6.76173E-09 1.69020E-08 9.99993E-01
 1.20000E+01 2.34089E-08 5.90014E-08 9.99992E-01
 1.25000E+01 7.72295E-08 2.02400E-07 9.99991E-01
 1.30000E+01 2.26903E-07 6.04273E-07 9.99990E-01
 1.35000E+01 6.11054E-07 1.68036E-06 9.99989E-01
 1.40000E+01 1.52036E-06 4.27270E-06 9.99988E-01
 1.45000E+01 3.54371E-06 1.02207E-05 9.99987E-01
 1.50000E+01 7.93912E-06 2.33658E-05 9.99986E-01
 1.60000E+01 3.58663E-05 1.08970E-04 9.99986E-01
 1.70000E+01 1.50767E-04 4.69268E-04 9.99986E-01
 1.80000E+01 5.51071E-04 1.78355E-03 9.99986E-01
 1.90000E+01 1.67447E-03 5.69533E-03 9.99984E-01
 2.00000E+01 4.19258E-03 1.50968E-02 9.99982E-01
 2.10000E+01 8.95350E-03 3.42257E-02 9.99978E-01
 2.20000E+01 1.68660E-02 6.83433E-02 9.99973E-01
 2.30000E+01 2.85072E-02 1.21961E-01 9.99968E-01
 2.40000E+01 4.46478E-02 2.00916E-01 9.99963E-01
 2.50000E+01 6.53419E-02 3.07791E-01 9.99958E-01
 2.60000E+01 9.00053E-02 4.41109E-01 9.99952E-01
 2.70000E+01 1.17190E-01 5.94030E-01 9.99945E-01
 2.80000E+01 1.45292E-01 7.57028E-01 9.99938E-01
 2.90000E+01 1.71405E-01 9.13140E-01 9.99928E-01
 3.00000E+01 1.90317E-01 1.03083E+00 9.99916E-01
 3.20000E+01 2.10275E-01 1.16394E+00 9.99882E-01
 3.40000E+01 2.09659E-01 1.17976E+00 9.99831E-01
 3.60000E+01 1.93554E-01 1.10002E+00 9.99753E-01
 3.80000E+01 1.80735E-01 1.03956E+00 9.99620E-01
 4.00000E+01 1.62387E-01 9.44140E-01 9.99109E-01
 4.20000E+01 1.47462E-01 8.66428E-01 9.96059E-01
 4.40000E+01 1.33663E-01 7.95869E-01 9.82473E-01
 4.60000E+01 1.18441E-01 7.13198E-01 9.40713E-01
 4.80000E+01 1.06654E-01 6.48754E-01 8.54626E-01
 5.00000E+01 9.58635E-02 5.88177E-01 7.24516E-01
 5.20000E+01 8.46689E-02 5.21045E-01 5.68329E-01
 5.40000E+01 7.54957E-02 4.64299E-01 4.30849E-01
 5.60000E+01 6.65605E-02 4.07695E-01 3.19949E-01
 5.80000E+01 5.89479E-02 3.61232E-01 2.40435E-01
 6.00000E+01 5.17343E-02 3.16406E-01 1.87523E-01
 6.50000E+01 3.89392E-02 2.40703E-01 1.16279E-01
 7.00000E+01 3.02350E-02 1.89265E-01 8.39018E-02
 7.50000E+01 2.29911E-02 1.44889E-01 6.18094E-02
 8.00000E+01 1.80379E-02 1.13943E-01 4.58100E-02
 9.00000E+01 1.10308E-02 6.88819E-02 2.73518E-02
 1.00000E+02 7.17522E-03 4.38948E-02 1.76025E-02
 1.10000E+02 4.71132E-03 2.83488E-02 1.27631E-02
 1.20000E+02 3.35031E-03 1.98873E-02 9.67312E-03
 1.30000E+02 2.45702E-03 1.45021E-02 7.74909E-03
 1.40000E+02 1.89196E-03 1.10492E-02 6.43899E-03
 1.50000E+02 1.50930E-03 8.76269E-03 5.58339E-03
 1.60000E+02 1.21122E-03 7.00392E-03 4.87569E-03
 1.80000E+02 8.44521E-04 4.85054E-03 3.94572E-03
 2.00000E+02 6.21354E-04 3.56220E-03 3.30908E-03
